0.000000000000000000e+00 6.620000000000000000e+02 4.700000000000000000e+01
2.801513671875000000e-01 6.600000000000000000e+02 4.700000000000000000e+01
5.603027343750000000e-01 6.600000000000000000e+02 4.700000000000000000e+01
8.404541015625000000e-01 6.600000000000000000e+02 4.700000000000000000e+01
1.120605468750000000e+00 6.560000000000000000e+02 4.700000000000000000e+01
1.406250000000000000e+00 6.540000000000000000e+02 4.700000000000000000e+01
1.686401367187500000e+00 6.520000000000000000e+02 4.700000000000000000e+01
1.983032226562500000e+00 6.500000000000000000e+02 4.700000000000000000e+01
2.263183593750000000e+00 6.500000000000000000e+02 4.700000000000000000e+01
2.592773437500000000e+00 6.460000000000000000e+02 4.700000000000000000e+01
2.872924804687500000e+00 6.440000000000000000e+02 4.700000000000000000e+01
3.169555664062500000e+00 6.440000000000000000e+02 4.700000000000000000e+01
3.449707031250000000e+00 6.420000000000000000e+02 4.700000000000000000e+01
3.729858398437500000e+00 6.400000000000000000e+02 4.700000000000000000e+01
4.015502929687500000e+00 6.360000000000000000e+02 4.700000000000000000e+01
4.295654296875000000e+00 6.360000000000000000e+02 4.700000000000000000e+01
4.575805664062500000e+00 6.360000000000000000e+02 4.700000000000000000e+01
4.855957031250000000e+00 6.320000000000000000e+02 4.700000000000000000e+01
5.202026367187500000e+00 6.300000000000000000e+02 4.700000000000000000e+01
5.482177734375000000e+00 6.300000000000000000e+02 4.700000000000000000e+01
5.762329101562500000e+00 6.280000000000000000e+02 4.700000000000000000e+01
6.042480468750000000e+00 6.280000000000000000e+02 4.700000000000000000e+01
6.328125000000000000e+00 6.260000000000000000e+02 4.700000000000000000e+01
6.608276367187500000e+00 6.220000000000000000e+02 4.700000000000000000e+01
6.904907226562500000e+00 6.220000000000000000e+02 4.700000000000000000e+01
7.185058593750000000e+00 6.200000000000000000e+02 4.700000000000000000e+01
7.465209960937500000e+00 6.200000000000000000e+02 4.700000000000000000e+01
7.745361328125000000e+00 6.180000000000000000e+02 4.700000000000000000e+01
8.031005859375000000e+00 6.160000000000000000e+02 4.700000000000000000e+01
8.355102539062500000e+00 6.140000000000000000e+02 4.700000000000000000e+01
8.651733398437500000e+00 6.140000000000000000e+02 4.700000000000000000e+01
8.937377929687500000e+00 6.120000000000000000e+02 4.700000000000000000e+01
9.217529296875000000e+00 6.100000000000000000e+02 4.700000000000000000e+01
9.497680664062500000e+00 6.100000000000000000e+02 4.700000000000000000e+01
9.777832031250000000e+00 6.080000000000000000e+02 4.700000000000000000e+01
1.005798339843750000e+01 6.080000000000000000e+02 4.700000000000000000e+01
1.034362792968750000e+01 6.060000000000000000e+02 4.700000000000000000e+01
1.062377929687500000e+01 6.040000000000000000e+02 4.700000000000000000e+01
1.090393066406250000e+01 6.040000000000000000e+02 4.700000000000000000e+01
1.118408203125000000e+01 6.040000000000000000e+02 4.700000000000000000e+01
1.146423339843750000e+01 6.000000000000000000e+02 4.700000000000000000e+01
1.174987792968750000e+01 6.000000000000000000e+02 4.700000000000000000e+01
1.209045410156250000e+01 5.980000000000000000e+02 4.700000000000000000e+01
1.237060546875000000e+01 5.980000000000000000e+02 4.700000000000000000e+01
1.265625000000000000e+01 5.960000000000000000e+02 4.700000000000000000e+01
1.293640136718750000e+01 5.940000000000000000e+02 4.700000000000000000e+01
1.321655273437500000e+01 5.960000000000000000e+02 4.700000000000000000e+01
1.349670410156250000e+01 5.940000000000000000e+02 4.700000000000000000e+01
1.377685546875000000e+01 5.920000000000000000e+02 4.700000000000000000e+01
1.407348632812500000e+01 5.900000000000000000e+02 4.700000000000000000e+01
1.435913085937500000e+01 5.900000000000000000e+02 4.700000000000000000e+01
1.463928222656250000e+01 5.880000000000000000e+02 4.700000000000000000e+01
1.491943359375000000e+01 5.880000000000000000e+02 4.700000000000000000e+01
1.576538085937500000e+01 5.880000000000000000e+02 4.700000000000000000e+01
1.740234375000000000e+01 4.830000000000000000e+02 4.700000000000000000e+01
1.768249511718750000e+01 4.840000000000000000e+02 4.700000000000000000e+01
1.796813964843750000e+01 4.870000000000000000e+02 4.700000000000000000e+01
1.978088378906250000e+01 5.720000000000000000e+02 4.700000000000000000e+01
2.006103515625000000e+01 5.720000000000000000e+02 4.700000000000000000e+01
2.034118652343750000e+01 5.720000000000000000e+02 4.700000000000000000e+01
2.062133789062500000e+01 5.720000000000000000e+02 4.700000000000000000e+01
2.090148925781250000e+01 5.720000000000000000e+02 4.700000000000000000e+01
2.123107910156250000e+01 5.700000000000000000e+02 4.700000000000000000e+01
2.152770996093750000e+01 5.700000000000000000e+02 4.700000000000000000e+01
2.180786132812500000e+01 5.700000000000000000e+02 4.700000000000000000e+01
2.209350585937500000e+01 5.680000000000000000e+02 4.700000000000000000e+01
2.237365722656250000e+01 5.680000000000000000e+02 4.700000000000000000e+01
2.265380859375000000e+01 5.680000000000000000e+02 4.700000000000000000e+01
2.293395996093750000e+01 5.680000000000000000e+02 4.700000000000000000e+01
2.321411132812500000e+01 5.680000000000000000e+02 4.700000000000000000e+01
2.349975585937500000e+01 5.660000000000000000e+02 4.700000000000000000e+01
2.377990722656250000e+01 5.660000000000000000e+02 4.700000000000000000e+01
2.406005859375000000e+01 5.660000000000000000e+02 4.700000000000000000e+01
2.434020996093750000e+01 5.660000000000000000e+02 4.700000000000000000e+01
2.462036132812500000e+01 5.660000000000000000e+02 4.700000000000000000e+01
2.490600585937500000e+01 5.660000000000000000e+02 4.700000000000000000e+01
2.520263671875000000e+01 5.640000000000000000e+02 4.700000000000000000e+01
2.548278808593750000e+01 5.640000000000000000e+02 4.700000000000000000e+01
2.576293945312500000e+01 5.640000000000000000e+02 4.700000000000000000e+01
2.604309082031250000e+01 5.640000000000000000e+02 4.700000000000000000e+01
2.632324218750000000e+01 5.640000000000000000e+02 4.700000000000000000e+01
2.660888671875000000e+01 5.640000000000000000e+02 4.700000000000000000e+01
2.688903808593750000e+01 5.640000000000000000e+02 4.700000000000000000e+01
2.716918945312500000e+01 5.640000000000000000e+02 4.700000000000000000e+01
2.744934082031250000e+01 5.620000000000000000e+02 4.700000000000000000e+01
2.772949218750000000e+01 5.620000000000000000e+02 4.700000000000000000e+01
2.801513671875000000e+01 5.620000000000000000e+02 4.700000000000000000e+01
2.829528808593750000e+01 5.620000000000000000e+02 4.700000000000000000e+01
2.857543945312500000e+01 5.620000000000000000e+02 4.700000000000000000e+01
2.885559082031250000e+01 5.620000000000000000e+02 4.700000000000000000e+01
2.915222167968750000e+01 5.620000000000000000e+02 4.700000000000000000e+01
2.943237304687500000e+01 5.620000000000000000e+02 4.700000000000000000e+01
2.971801757812500000e+01 5.620000000000000000e+02 4.700000000000000000e+01
2.999816894531250000e+01 5.620000000000000000e+02 4.700000000000000000e+01
3.027832031250000000e+01 5.620000000000000000e+02 4.700000000000000000e+01
3.055847167968750000e+01 5.620000000000000000e+02 4.700000000000000000e+01
3.083862304687500000e+01 5.620000000000000000e+02 4.700000000000000000e+01
3.112426757812500000e+01 5.620000000000000000e+02 4.700000000000000000e+01
3.140441894531250000e+01 5.620000000000000000e+02 4.700000000000000000e+01
3.168457031250000000e+01 5.620000000000000000e+02 4.700000000000000000e+01
3.196472167968750000e+01 5.640000000000000000e+02 4.700000000000000000e+01
3.376098632812500000e+01 3.740000000000000000e+02 4.700000000000000000e+01
3.404663085937500000e+01 3.730000000000000000e+02 4.700000000000000000e+01
3.438720703125000000e+01 3.710000000000000000e+02 4.700000000000000000e+01
3.466735839843750000e+01 3.700000000000000000e+02 4.700000000000000000e+01
3.495300292968750000e+01 3.690000000000000000e+02 4.700000000000000000e+01
3.524963378906250000e+01 3.700000000000000000e+02 4.700000000000000000e+01
3.552978515625000000e+01 3.720000000000000000e+02 4.700000000000000000e+01
3.574951171875000000e+01 3.740000000000000000e+02 4.700000000000000000e+01
3.660644531250000000e+01 3.780000000000000000e+02 4.700000000000000000e+01
3.801269531250000000e+01 2.870000000000000000e+02 4.700000000000000000e+01
3.835876464843750000e+01 2.850000000000000000e+02 4.700000000000000000e+01
3.863891601562500000e+01 2.830000000000000000e+02 4.700000000000000000e+01
3.896850585937500000e+01 2.810000000000000000e+02 4.700000000000000000e+01
3.930908203125000000e+01 2.790000000000000000e+02 4.700000000000000000e+01
3.958923339843750000e+01 2.780000000000000000e+02 4.700000000000000000e+01
3.987487792968750000e+01 2.770000000000000000e+02 4.700000000000000000e+01
4.021545410156250000e+01 2.760000000000000000e+02 4.700000000000000000e+01
4.049560546875000000e+01 2.750000000000000000e+02 4.700000000000000000e+01
4.079223632812500000e+01 2.740000000000000000e+02 4.700000000000000000e+01
4.112182617187500000e+01 2.730000000000000000e+02 4.700000000000000000e+01
4.140197753906250000e+01 2.730000000000000000e+02 4.700000000000000000e+01
4.169860839843750000e+01 2.720000000000000000e+02 4.700000000000000000e+01
4.198425292968750000e+01 2.720000000000000000e+02 4.700000000000000000e+01
4.226440429687500000e+01 2.720000000000000000e+02 4.700000000000000000e+01
4.254455566406250000e+01 2.710000000000000000e+02 4.700000000000000000e+01
4.282470703125000000e+01 2.710000000000000000e+02 4.700000000000000000e+01
4.310485839843750000e+01 2.710000000000000000e+02 4.700000000000000000e+01
4.345092773437500000e+01 2.700000000000000000e+02 4.700000000000000000e+01
4.373107910156250000e+01 2.700000000000000000e+02 4.700000000000000000e+01
4.401123046875000000e+01 2.690000000000000000e+02 4.700000000000000000e+01
4.430786132812500000e+01 2.690000000000000000e+02 4.700000000000000000e+01
4.459350585937500000e+01 2.680000000000000000e+02 4.700000000000000000e+01
4.487365722656250000e+01 2.680000000000000000e+02 4.700000000000000000e+01
4.521423339843750000e+01 2.670000000000000000e+02 4.700000000000000000e+01
4.549987792968750000e+01 2.670000000000000000e+02 4.700000000000000000e+01
4.578002929687500000e+01 2.670000000000000000e+02 4.700000000000000000e+01
4.606018066406250000e+01 2.660000000000000000e+02 4.700000000000000000e+01
4.634033203125000000e+01 2.650000000000000000e+02 4.700000000000000000e+01
4.668640136718750000e+01 2.640000000000000000e+02 4.700000000000000000e+01
4.696655273437500000e+01 2.630000000000000000e+02 4.700000000000000000e+01
4.724670410156250000e+01 2.630000000000000000e+02 4.700000000000000000e+01
4.754333496093750000e+01 2.630000000000000000e+02 4.700000000000000000e+01
4.782348632812500000e+01 2.630000000000000000e+02 4.700000000000000000e+01
4.810913085937500000e+01 2.620000000000000000e+02 4.700000000000000000e+01
4.838928222656250000e+01 2.620000000000000000e+02 4.700000000000000000e+01
4.872985839843750000e+01 2.610000000000000000e+02 4.700000000000000000e+01
4.901550292968750000e+01 2.600000000000000000e+02 4.700000000000000000e+01
4.935607910156250000e+01 2.580000000000000000e+02 4.700000000000000000e+01
4.974609375000000000e+01 2.530000000000000000e+02 4.700000000000000000e+01
5.002624511718750000e+01 2.510000000000000000e+02 4.700000000000000000e+01
5.031188964843750000e+01 2.520000000000000000e+02 4.700000000000000000e+01
5.060852050781250000e+01 2.520000000000000000e+02 4.700000000000000000e+01
5.088867187500000000e+01 2.530000000000000000e+02 4.700000000000000000e+01
5.116882324218750000e+01 2.530000000000000000e+02 4.700000000000000000e+01
5.144897460937500000e+01 2.520000000000000000e+02 4.700000000000000000e+01
5.172912597656250000e+01 2.510000000000000000e+02 4.700000000000000000e+01
5.207519531250000000e+01 2.490000000000000000e+02 4.700000000000000000e+01
5.242126464843750000e+01 2.470000000000000000e+02 4.700000000000000000e+01
5.274536132812500000e+01 2.450000000000000000e+02 4.700000000000000000e+01
5.304199218750000000e+01 2.440000000000000000e+02 4.700000000000000000e+01
5.337158203125000000e+01 2.420000000000000000e+02 4.700000000000000000e+01
5.371765136718750000e+01 2.410000000000000000e+02 4.700000000000000000e+01
5.399780273437500000e+01 2.390000000000000000e+02 4.700000000000000000e+01
5.433837890625000000e+01 2.370000000000000000e+02 4.700000000000000000e+01
5.468444824218750000e+01 2.350000000000000000e+02 4.700000000000000000e+01
5.501403808593750000e+01 2.340000000000000000e+02 4.700000000000000000e+01
5.531066894531250000e+01 2.320000000000000000e+02 4.700000000000000000e+01
5.564025878906250000e+01 2.310000000000000000e+02 4.700000000000000000e+01
5.593688964843750000e+01 2.300000000000000000e+02 4.700000000000000000e+01
5.626098632812500000e+01 2.290000000000000000e+02 4.700000000000000000e+01
5.654663085937500000e+01 2.280000000000000000e+02 4.700000000000000000e+01
5.688720703125000000e+01 2.260000000000000000e+02 4.700000000000000000e+01
5.723327636718750000e+01 2.250000000000000000e+02 4.700000000000000000e+01
5.751342773437500000e+01 2.250000000000000000e+02 4.700000000000000000e+01
5.779357910156250000e+01 2.240000000000000000e+02 4.700000000000000000e+01
5.813964843750000000e+01 2.230000000000000000e+02 4.700000000000000000e+01
5.848022460937500000e+01 2.210000000000000000e+02 4.700000000000000000e+01
5.876037597656250000e+01 2.200000000000000000e+02 4.700000000000000000e+01
5.910644531250000000e+01 2.190000000000000000e+02 4.700000000000000000e+01
5.938659667968750000e+01 2.190000000000000000e+02 4.700000000000000000e+01
5.966674804687500000e+01 2.190000000000000000e+02 4.700000000000000000e+01
5.995239257812500000e+01 2.190000000000000000e+02 4.700000000000000000e+01
6.023254394531250000e+01 2.190000000000000000e+02 4.700000000000000000e+01
6.052917480468750000e+01 2.190000000000000000e+02 4.700000000000000000e+01
6.085876464843750000e+01 2.170000000000000000e+02 4.700000000000000000e+01
6.113891601562500000e+01 2.160000000000000000e+02 4.700000000000000000e+01
6.147949218750000000e+01 2.150000000000000000e+02 4.700000000000000000e+01
6.176513671875000000e+01 2.150000000000000000e+02 4.700000000000000000e+01
6.206176757812500000e+01 2.140000000000000000e+02 4.700000000000000000e+01
6.238586425781250000e+01 2.130000000000000000e+02 4.700000000000000000e+01
6.267150878906250000e+01 2.130000000000000000e+02 4.700000000000000000e+01
6.296813964843750000e+01 2.120000000000000000e+02 4.700000000000000000e+01
6.329223632812500000e+01 2.110000000000000000e+02 4.700000000000000000e+01
6.357788085937500000e+01 2.110000000000000000e+02 4.700000000000000000e+01
6.391845703125000000e+01 2.100000000000000000e+02 4.700000000000000000e+01
6.419860839843750000e+01 2.100000000000000000e+02 4.700000000000000000e+01
6.448425292968750000e+01 2.090000000000000000e+02 4.700000000000000000e+01
6.478088378906250000e+01 2.090000000000000000e+02 4.700000000000000000e+01
6.510498046875000000e+01 2.080000000000000000e+02 4.700000000000000000e+01
6.539062500000000000e+01 2.070000000000000000e+02 4.700000000000000000e+01
6.573120117187500000e+01 2.060000000000000000e+02 4.700000000000000000e+01
6.601135253906250000e+01 2.060000000000000000e+02 4.700000000000000000e+01
6.629150390625000000e+01 2.050000000000000000e+02 4.700000000000000000e+01
6.657714843750000000e+01 2.050000000000000000e+02 4.700000000000000000e+01
6.685729980468750000e+01 2.050000000000000000e+02 4.700000000000000000e+01
6.719787597656250000e+01 2.040000000000000000e+02 4.700000000000000000e+01
6.754394531250000000e+01 2.020000000000000000e+02 4.700000000000000000e+01
6.787353515625000000e+01 2.000000000000000000e+02 4.700000000000000000e+01
6.821411132812500000e+01 1.990000000000000000e+02 4.700000000000000000e+01
6.849975585937500000e+01 1.990000000000000000e+02 4.700000000000000000e+01
6.877990722656250000e+01 1.990000000000000000e+02 4.700000000000000000e+01
6.912048339843750000e+01 1.980000000000000000e+02 4.700000000000000000e+01
6.940612792968750000e+01 1.980000000000000000e+02 4.700000000000000000e+01
6.968627929687500000e+01 1.970000000000000000e+02 4.700000000000000000e+01
6.996643066406250000e+01 1.970000000000000000e+02 4.700000000000000000e+01
7.031250000000000000e+01 1.960000000000000000e+02 4.700000000000000000e+01
7.059265136718750000e+01 1.960000000000000000e+02 4.700000000000000000e+01
7.087280273437500000e+01 1.960000000000000000e+02 4.700000000000000000e+01
7.121337890625000000e+01 1.950000000000000000e+02 4.700000000000000000e+01
7.149902343750000000e+01 1.950000000000000000e+02 4.700000000000000000e+01
7.177917480468750000e+01 1.940000000000000000e+02 4.700000000000000000e+01
7.205932617187500000e+01 1.940000000000000000e+02 4.700000000000000000e+01
7.233947753906250000e+01 1.940000000000000000e+02 4.700000000000000000e+01
7.268554687500000000e+01 1.930000000000000000e+02 4.700000000000000000e+01
7.296569824218750000e+01 1.930000000000000000e+02 4.700000000000000000e+01
7.324584960937500000e+01 1.930000000000000000e+02 4.700000000000000000e+01
7.359191894531250000e+01 1.920000000000000000e+02 4.700000000000000000e+01
7.387207031250000000e+01 1.920000000000000000e+02 4.700000000000000000e+01
7.415222167968750000e+01 1.910000000000000000e+02 4.700000000000000000e+01
7.443237304687500000e+01 1.910000000000000000e+02 4.700000000000000000e+01
7.471801757812500000e+01 1.910000000000000000e+02 4.700000000000000000e+01
7.505859375000000000e+01 1.900000000000000000e+02 4.700000000000000000e+01
7.533874511718750000e+01 1.900000000000000000e+02 4.700000000000000000e+01
7.562438964843750000e+01 1.900000000000000000e+02 4.700000000000000000e+01
7.596496582031250000e+01 1.890000000000000000e+02 4.700000000000000000e+01
7.624511718750000000e+01 1.890000000000000000e+02 4.700000000000000000e+01
7.653076171875000000e+01 1.890000000000000000e+02 4.700000000000000000e+01
7.681091308593750000e+01 1.880000000000000000e+02 4.700000000000000000e+01
7.709106445312500000e+01 1.880000000000000000e+02 4.700000000000000000e+01
7.737121582031250000e+01 1.880000000000000000e+02 4.700000000000000000e+01
7.771728515625000000e+01 1.870000000000000000e+02 4.700000000000000000e+01
7.799743652343750000e+01 1.870000000000000000e+02 4.700000000000000000e+01
7.832702636718750000e+01 1.860000000000000000e+02 4.700000000000000000e+01
7.860717773437500000e+01 1.860000000000000000e+02 4.700000000000000000e+01
7.890380859375000000e+01 1.860000000000000000e+02 4.700000000000000000e+01
7.918395996093750000e+01 1.850000000000000000e+02 4.700000000000000000e+01
7.946411132812500000e+01 1.850000000000000000e+02 4.700000000000000000e+01
7.974975585937500000e+01 1.850000000000000000e+02 4.700000000000000000e+01
8.007385253906250000e+01 1.840000000000000000e+02 4.700000000000000000e+01
8.037048339843750000e+01 1.840000000000000000e+02 4.700000000000000000e+01
8.065612792968750000e+01 1.840000000000000000e+02 4.700000000000000000e+01
8.098022460937500000e+01 1.830000000000000000e+02 4.700000000000000000e+01
8.126037597656250000e+01 1.830000000000000000e+02 4.700000000000000000e+01
8.156250000000000000e+01 1.830000000000000000e+02 4.700000000000000000e+01
8.184265136718750000e+01 1.830000000000000000e+02 4.700000000000000000e+01
8.216674804687500000e+01 1.820000000000000000e+02 4.700000000000000000e+01
8.245239257812500000e+01 1.810000000000000000e+02 4.700000000000000000e+01
8.279296875000000000e+01 1.800000000000000000e+02 4.700000000000000000e+01
8.313903808593750000e+01 1.790000000000000000e+02 4.700000000000000000e+01
8.346862792968750000e+01 1.780000000000000000e+02 4.700000000000000000e+01
8.376525878906250000e+01 1.770000000000000000e+02 4.700000000000000000e+01
8.408935546875000000e+01 1.760000000000000000e+02 4.700000000000000000e+01
8.437500000000000000e+01 1.760000000000000000e+02 4.700000000000000000e+01
8.465515136718750000e+01 1.760000000000000000e+02 4.700000000000000000e+01
8.506164550781250000e+01 1.740000000000000000e+02 4.700000000000000000e+01
8.538574218750000000e+01 1.730000000000000000e+02 4.700000000000000000e+01
8.562194824218750000e+01 1.740000000000000000e+02 4.700000000000000000e+01
8.584167480468750000e+01 1.750000000000000000e+02 4.700000000000000000e+01
8.607788085937500000e+01 1.760000000000000000e+02 4.700000000000000000e+01
8.629211425781250000e+01 1.770000000000000000e+02 4.700000000000000000e+01
8.657775878906250000e+01 1.770000000000000000e+02 4.700000000000000000e+01
8.691833496093750000e+01 1.760000000000000000e+02 4.700000000000000000e+01
8.726440429687500000e+01 1.750000000000000000e+02 4.700000000000000000e+01
8.758850097656250000e+01 1.740000000000000000e+02 4.700000000000000000e+01
8.793457031250000000e+01 1.730000000000000000e+02 4.700000000000000000e+01
8.821472167968750000e+01 1.730000000000000000e+02 4.700000000000000000e+01
8.849487304687500000e+01 1.730000000000000000e+02 4.700000000000000000e+01
8.878051757812500000e+01 1.720000000000000000e+02 4.700000000000000000e+01
8.907714843750000000e+01 1.720000000000000000e+02 4.700000000000000000e+01
8.935729980468750000e+01 1.720000000000000000e+02 4.700000000000000000e+01
8.963745117187500000e+01 1.720000000000000000e+02 4.700000000000000000e+01
8.991760253906250000e+01 1.720000000000000000e+02 4.700000000000000000e+01
9.019775390625000000e+01 1.720000000000000000e+02 4.700000000000000000e+01
9.048339843750000000e+01 1.720000000000000000e+02 4.700000000000000000e+01
9.076354980468750000e+01 1.720000000000000000e+02 4.700000000000000000e+01
9.110412597656250000e+01 1.710000000000000000e+02 4.700000000000000000e+01
9.138977050781250000e+01 1.710000000000000000e+02 4.700000000000000000e+01
9.166992187500000000e+01 1.710000000000000000e+02 4.700000000000000000e+01
9.195007324218750000e+01 1.710000000000000000e+02 4.700000000000000000e+01
9.229614257812500000e+01 1.700000000000000000e+02 4.700000000000000000e+01
9.257629394531250000e+01 1.700000000000000000e+02 4.700000000000000000e+01
9.285644531250000000e+01 1.700000000000000000e+02 4.700000000000000000e+01
9.313659667968750000e+01 1.700000000000000000e+02 4.700000000000000000e+01
9.348266601562500000e+01 1.690000000000000000e+02 4.700000000000000000e+01
9.376281738281250000e+01 1.690000000000000000e+02 4.700000000000000000e+01
9.404296875000000000e+01 1.690000000000000000e+02 4.700000000000000000e+01
9.432312011718750000e+01 1.690000000000000000e+02 4.700000000000000000e+01
9.460876464843750000e+01 1.690000000000000000e+02 4.700000000000000000e+01
9.488891601562500000e+01 1.690000000000000000e+02 4.700000000000000000e+01
9.521850585937500000e+01 1.680000000000000000e+02 4.700000000000000000e+01
9.549865722656250000e+01 1.680000000000000000e+02 4.700000000000000000e+01
9.577880859375000000e+01 1.680000000000000000e+02 4.700000000000000000e+01
9.607543945312500000e+01 1.680000000000000000e+02 4.700000000000000000e+01
9.635559082031250000e+01 1.680000000000000000e+02 4.700000000000000000e+01
9.663574218750000000e+01 1.680000000000000000e+02 4.700000000000000000e+01
9.692138671875000000e+01 1.680000000000000000e+02 4.700000000000000000e+01
9.720153808593750000e+01 1.680000000000000000e+02 4.700000000000000000e+01
9.748168945312500000e+01 1.680000000000000000e+02 4.700000000000000000e+01
9.776184082031250000e+01 1.680000000000000000e+02 4.700000000000000000e+01
9.804199218750000000e+01 1.680000000000000000e+02 4.700000000000000000e+01
9.832763671875000000e+01 1.680000000000000000e+02 4.700000000000000000e+01
9.860778808593750000e+01 1.680000000000000000e+02 4.700000000000000000e+01
9.888793945312500000e+01 1.680000000000000000e+02 4.700000000000000000e+01
9.916809082031250000e+01 1.680000000000000000e+02 4.700000000000000000e+01
9.944824218750000000e+01 1.680000000000000000e+02 4.700000000000000000e+01
9.973388671875000000e+01 1.680000000000000000e+02 4.700000000000000000e+01
1.000140380859375000e+02 1.680000000000000000e+02 4.700000000000000000e+01
1.002941894531250000e+02 1.680000000000000000e+02 4.700000000000000000e+01
1.005743408203125000e+02 1.680000000000000000e+02 4.700000000000000000e+01
1.008544921875000000e+02 1.680000000000000000e+02 4.700000000000000000e+01
1.011401367187500000e+02 1.680000000000000000e+02 4.700000000000000000e+01
1.014202880859375000e+02 1.680000000000000000e+02 4.700000000000000000e+01
1.017004394531250000e+02 1.680000000000000000e+02 4.700000000000000000e+01
1.019805908203125000e+02 1.680000000000000000e+02 4.700000000000000000e+01
1.022607421875000000e+02 1.680000000000000000e+02 4.700000000000000000e+01
1.025463867187500000e+02 1.680000000000000000e+02 4.700000000000000000e+01
1.028430175781250000e+02 1.680000000000000000e+02 4.700000000000000000e+01
1.031231689453125000e+02 1.680000000000000000e+02 4.700000000000000000e+01
1.034033203125000000e+02 1.680000000000000000e+02 4.700000000000000000e+01
1.036834716796875000e+02 1.680000000000000000e+02 4.700000000000000000e+01
1.039636230468750000e+02 1.680000000000000000e+02 4.700000000000000000e+01
1.042492675781250000e+02 1.680000000000000000e+02 4.700000000000000000e+01
1.045294189453125000e+02 1.680000000000000000e+02 4.700000000000000000e+01
1.048095703125000000e+02 1.680000000000000000e+02 4.700000000000000000e+01
1.050897216796875000e+02 1.680000000000000000e+02 4.700000000000000000e+01
1.053698730468750000e+02 1.680000000000000000e+02 4.700000000000000000e+01
1.056555175781250000e+02 1.680000000000000000e+02 4.700000000000000000e+01
1.058697509765625000e+02 1.690000000000000000e+02 4.700000000000000000e+01
1.061553955078125000e+02 1.690000000000000000e+02 4.700000000000000000e+01
1.064355468750000000e+02 1.690000000000000000e+02 4.700000000000000000e+01
1.067321777343750000e+02 1.690000000000000000e+02 4.700000000000000000e+01
1.070123291015625000e+02 1.690000000000000000e+02 4.700000000000000000e+01
1.072924804687500000e+02 1.690000000000000000e+02 4.700000000000000000e+01
1.075781250000000000e+02 1.690000000000000000e+02 4.700000000000000000e+01
1.078582763671875000e+02 1.690000000000000000e+02 4.700000000000000000e+01
1.081384277343750000e+02 1.690000000000000000e+02 4.700000000000000000e+01
1.083581542968750000e+02 1.700000000000000000e+02 4.700000000000000000e+01
1.086383056640625000e+02 1.700000000000000000e+02 4.700000000000000000e+01
1.089184570312500000e+02 1.700000000000000000e+02 4.700000000000000000e+01
1.091986083984375000e+02 1.700000000000000000e+02 4.700000000000000000e+01
1.094348144531250000e+02 1.710000000000000000e+02 4.700000000000000000e+01
1.097149658203125000e+02 1.710000000000000000e+02 4.700000000000000000e+01
1.099951171875000000e+02 1.710000000000000000e+02 4.700000000000000000e+01
1.102807617187500000e+02 1.710000000000000000e+02 4.700000000000000000e+01
1.105609130859375000e+02 1.710000000000000000e+02 4.700000000000000000e+01
1.108410644531250000e+02 1.710000000000000000e+02 4.700000000000000000e+01
1.111212158203125000e+02 1.710000000000000000e+02 4.700000000000000000e+01
1.114013671875000000e+02 1.710000000000000000e+02 4.700000000000000000e+01
1.116210937500000000e+02 1.720000000000000000e+02 4.700000000000000000e+01
1.119012451171875000e+02 1.720000000000000000e+02 4.700000000000000000e+01
1.121868896484375000e+02 1.720000000000000000e+02 4.700000000000000000e+01
1.124835205078125000e+02 1.720000000000000000e+02 4.700000000000000000e+01
1.127636718750000000e+02 1.720000000000000000e+02 4.700000000000000000e+01
1.130438232421875000e+02 1.720000000000000000e+02 4.700000000000000000e+01
1.133239746093750000e+02 1.730000000000000000e+02 4.700000000000000000e+01
1.136041259765625000e+02 1.730000000000000000e+02 4.700000000000000000e+01
1.138897705078125000e+02 1.730000000000000000e+02 4.700000000000000000e+01
1.141699218750000000e+02 1.730000000000000000e+02 4.700000000000000000e+01
1.144500732421875000e+02 1.730000000000000000e+02 4.700000000000000000e+01
1.146697998046875000e+02 1.740000000000000000e+02 4.700000000000000000e+01
1.149499511718750000e+02 1.740000000000000000e+02 4.700000000000000000e+01
1.152301025390625000e+02 1.740000000000000000e+02 4.700000000000000000e+01
1.155102539062500000e+02 1.740000000000000000e+02 4.700000000000000000e+01
1.157958984375000000e+02 1.740000000000000000e+02 4.700000000000000000e+01
1.160760498046875000e+02 1.740000000000000000e+02 4.700000000000000000e+01
1.163122558593750000e+02 1.750000000000000000e+02 4.700000000000000000e+01
1.165924072265625000e+02 1.750000000000000000e+02 4.700000000000000000e+01
1.168725585937500000e+02 1.750000000000000000e+02 4.700000000000000000e+01
1.171527099609375000e+02 1.750000000000000000e+02 4.700000000000000000e+01
1.173724365234375000e+02 1.760000000000000000e+02 4.700000000000000000e+01
1.176525878906250000e+02 1.760000000000000000e+02 4.700000000000000000e+01
1.179327392578125000e+02 1.760000000000000000e+02 4.700000000000000000e+01
1.182293701171875000e+02 1.760000000000000000e+02 4.700000000000000000e+01
1.185150146484375000e+02 1.760000000000000000e+02 4.700000000000000000e+01
1.187951660156250000e+02 1.760000000000000000e+02 4.700000000000000000e+01
1.190148925781250000e+02 1.770000000000000000e+02 4.700000000000000000e+01
1.192950439453125000e+02 1.770000000000000000e+02 4.700000000000000000e+01
1.195751953125000000e+02 1.770000000000000000e+02 4.700000000000000000e+01
1.198553466796875000e+02 1.780000000000000000e+02 4.700000000000000000e+01
1.201354980468750000e+02 1.780000000000000000e+02 4.700000000000000000e+01
1.204211425781250000e+02 1.780000000000000000e+02 4.700000000000000000e+01
1.206518554687500000e+02 1.790000000000000000e+02 4.700000000000000000e+01
1.209375000000000000e+02 1.790000000000000000e+02 4.700000000000000000e+01
1.211517333984375000e+02 1.800000000000000000e+02 4.700000000000000000e+01
1.213714599609375000e+02 1.810000000000000000e+02 4.700000000000000000e+01
1.216516113281250000e+02 1.810000000000000000e+02 4.700000000000000000e+01
1.219372558593750000e+02 1.810000000000000000e+02 4.700000000000000000e+01
1.222174072265625000e+02 1.810000000000000000e+02 4.700000000000000000e+01
1.224975585937500000e+02 1.810000000000000000e+02 4.700000000000000000e+01
1.227777099609375000e+02 1.810000000000000000e+02 4.700000000000000000e+01
1.230578613281250000e+02 1.820000000000000000e+02 4.700000000000000000e+01
1.233544921875000000e+02 1.820000000000000000e+02 4.700000000000000000e+01
1.236401367187500000e+02 1.820000000000000000e+02 4.700000000000000000e+01
1.239202880859375000e+02 1.820000000000000000e+02 4.700000000000000000e+01
1.242004394531250000e+02 1.820000000000000000e+02 4.700000000000000000e+01
1.244201660156250000e+02 1.830000000000000000e+02 4.700000000000000000e+01
1.247003173828125000e+02 1.830000000000000000e+02 4.700000000000000000e+01
1.249804687500000000e+02 1.830000000000000000e+02 4.700000000000000000e+01
1.252606201171875000e+02 1.830000000000000000e+02 4.700000000000000000e+01
1.254803466796875000e+02 1.840000000000000000e+02 4.700000000000000000e+01
1.257604980468750000e+02 1.840000000000000000e+02 4.700000000000000000e+01
1.260461425781250000e+02 1.840000000000000000e+02 4.700000000000000000e+01
1.263262939453125000e+02 1.840000000000000000e+02 4.700000000000000000e+01
1.265625000000000000e+02 1.850000000000000000e+02 4.700000000000000000e+01
1.268426513671875000e+02 1.850000000000000000e+02 4.700000000000000000e+01
1.271228027343750000e+02 1.850000000000000000e+02 4.700000000000000000e+01
1.274029541015625000e+02 1.860000000000000000e+02 4.700000000000000000e+01
1.276831054687500000e+02 1.860000000000000000e+02 4.700000000000000000e+01
1.279687500000000000e+02 1.860000000000000000e+02 4.700000000000000000e+01
1.282489013671875000e+02 1.860000000000000000e+02 4.700000000000000000e+01
1.285290527343750000e+02 1.860000000000000000e+02 4.700000000000000000e+01
1.288092041015625000e+02 1.860000000000000000e+02 4.700000000000000000e+01
1.290893554687500000e+02 1.860000000000000000e+02 4.700000000000000000e+01
1.293750000000000000e+02 1.860000000000000000e+02 4.700000000000000000e+01
1.296551513671875000e+02 1.860000000000000000e+02 4.700000000000000000e+01
1.299353027343750000e+02 1.860000000000000000e+02 4.700000000000000000e+01
1.301550292968750000e+02 1.870000000000000000e+02 4.700000000000000000e+01
1.304351806640625000e+02 1.870000000000000000e+02 4.700000000000000000e+01
1.307153320312500000e+02 1.870000000000000000e+02 4.700000000000000000e+01
1.309954833984375000e+02 1.870000000000000000e+02 4.700000000000000000e+01
1.312316894531250000e+02 1.880000000000000000e+02 4.700000000000000000e+01
1.315118408203125000e+02 1.880000000000000000e+02 4.700000000000000000e+01
1.317919921875000000e+02 1.880000000000000000e+02 4.700000000000000000e+01
1.320776367187500000e+02 1.890000000000000000e+02 4.700000000000000000e+01
1.323577880859375000e+02 1.890000000000000000e+02 4.700000000000000000e+01
1.325775146484375000e+02 1.900000000000000000e+02 4.700000000000000000e+01
1.328082275390625000e+02 1.910000000000000000e+02 4.700000000000000000e+01
1.330883789062500000e+02 1.920000000000000000e+02 4.700000000000000000e+01
1.333081054687500000e+02 1.930000000000000000e+02 4.700000000000000000e+01
1.340936279296875000e+02 1.940000000000000000e+02 4.700000000000000000e+01
1.346539306640625000e+02 2.030000000000000000e+02 4.700000000000000000e+01
1.348901367187500000e+02 2.040000000000000000e+02 4.700000000000000000e+01
1.351043701171875000e+02 2.050000000000000000e+02 4.700000000000000000e+01
1.353900146484375000e+02 2.050000000000000000e+02 4.700000000000000000e+01
1.356701660156250000e+02 2.050000000000000000e+02 4.700000000000000000e+01
1.360601806640625000e+02 2.030000000000000000e+02 4.700000000000000000e+01
1.364062500000000000e+02 2.010000000000000000e+02 4.700000000000000000e+01
1.366864013671875000e+02 2.010000000000000000e+02 4.700000000000000000e+01
1.369061279296875000e+02 2.020000000000000000e+02 4.700000000000000000e+01
1.371368408203125000e+02 2.040000000000000000e+02 4.700000000000000000e+01
1.374169921875000000e+02 2.040000000000000000e+02 4.700000000000000000e+01
1.377630615234375000e+02 2.030000000000000000e+02 4.700000000000000000e+01
1.381530761718750000e+02 1.990000000000000000e+02 4.700000000000000000e+01
1.385430908203125000e+02 1.960000000000000000e+02 4.700000000000000000e+01
1.388232421875000000e+02 1.960000000000000000e+02 4.700000000000000000e+01
1.391088867187500000e+02 1.960000000000000000e+02 4.700000000000000000e+01
1.393890380859375000e+02 1.960000000000000000e+02 4.700000000000000000e+01
1.396691894531250000e+02 1.960000000000000000e+02 4.700000000000000000e+01
1.398889160156250000e+02 1.970000000000000000e+02 4.700000000000000000e+01
1.401690673828125000e+02 1.970000000000000000e+02 4.700000000000000000e+01
1.404492187500000000e+02 1.980000000000000000e+02 4.700000000000000000e+01
1.407293701171875000e+02 1.980000000000000000e+02 4.700000000000000000e+01
1.410150146484375000e+02 1.980000000000000000e+02 4.700000000000000000e+01
1.412457275390625000e+02 1.990000000000000000e+02 4.700000000000000000e+01
1.414654541015625000e+02 2.000000000000000000e+02 4.700000000000000000e+01
1.417456054687500000e+02 2.000000000000000000e+02 4.700000000000000000e+01
1.420312500000000000e+02 2.010000000000000000e+02 4.700000000000000000e+01
1.423114013671875000e+02 2.010000000000000000e+02 4.700000000000000000e+01
1.425421142578125000e+02 2.020000000000000000e+02 4.700000000000000000e+01
1.428277587890625000e+02 2.020000000000000000e+02 4.700000000000000000e+01
1.431079101562500000e+02 2.030000000000000000e+02 4.700000000000000000e+01
1.433880615234375000e+02 2.030000000000000000e+02 4.700000000000000000e+01
1.436682128906250000e+02 2.020000000000000000e+02 4.700000000000000000e+01
1.439483642578125000e+02 2.020000000000000000e+02 4.700000000000000000e+01
1.442340087890625000e+02 2.020000000000000000e+02 4.700000000000000000e+01
1.445141601562500000e+02 2.020000000000000000e+02 4.700000000000000000e+01
1.447943115234375000e+02 2.020000000000000000e+02 4.700000000000000000e+01
1.450744628906250000e+02 2.020000000000000000e+02 4.700000000000000000e+01
1.454040527343750000e+02 2.010000000000000000e+02 4.700000000000000000e+01
1.456842041015625000e+02 2.010000000000000000e+02 4.700000000000000000e+01
1.459808349609375000e+02 2.010000000000000000e+02 4.700000000000000000e+01
1.462005615234375000e+02 2.020000000000000000e+02 4.700000000000000000e+01
1.464807128906250000e+02 2.020000000000000000e+02 4.700000000000000000e+01
1.467608642578125000e+02 2.020000000000000000e+02 4.700000000000000000e+01
1.470465087890625000e+02 2.020000000000000000e+02 4.700000000000000000e+01
1.473266601562500000e+02 2.020000000000000000e+02 4.700000000000000000e+01
1.476068115234375000e+02 2.030000000000000000e+02 4.700000000000000000e+01
1.479034423828125000e+02 2.030000000000000000e+02 4.700000000000000000e+01
1.481835937500000000e+02 2.030000000000000000e+02 4.700000000000000000e+01
1.484033203125000000e+02 2.040000000000000000e+02 4.700000000000000000e+01
1.486834716796875000e+02 2.040000000000000000e+02 4.700000000000000000e+01
1.489636230468750000e+02 2.040000000000000000e+02 4.700000000000000000e+01
1.491998291015625000e+02 2.050000000000000000e+02 4.700000000000000000e+01
1.494799804687500000e+02 2.050000000000000000e+02 4.700000000000000000e+01
1.497656250000000000e+02 2.050000000000000000e+02 4.700000000000000000e+01
1.500457763671875000e+02 2.060000000000000000e+02 4.700000000000000000e+01
1.503259277343750000e+02 2.060000000000000000e+02 4.700000000000000000e+01
1.506060791015625000e+02 2.060000000000000000e+02 4.700000000000000000e+01
1.508422851562500000e+02 2.070000000000000000e+02 4.700000000000000000e+01
1.511224365234375000e+02 2.070000000000000000e+02 4.700000000000000000e+01
1.514025878906250000e+02 2.080000000000000000e+02 4.700000000000000000e+01
1.516827392578125000e+02 2.080000000000000000e+02 4.700000000000000000e+01
1.519683837890625000e+02 2.080000000000000000e+02 4.700000000000000000e+01
1.522485351562500000e+02 2.080000000000000000e+02 4.700000000000000000e+01
1.524792480468750000e+02 2.090000000000000000e+02 4.700000000000000000e+01
1.527648925781250000e+02 2.090000000000000000e+02 4.700000000000000000e+01
1.530450439453125000e+02 2.090000000000000000e+02 4.700000000000000000e+01
1.533251953125000000e+02 2.100000000000000000e+02 4.700000000000000000e+01
1.536053466796875000e+02 2.100000000000000000e+02 4.700000000000000000e+01
1.538854980468750000e+02 2.100000000000000000e+02 4.700000000000000000e+01
1.541711425781250000e+02 2.100000000000000000e+02 4.700000000000000000e+01
1.544018554687500000e+02 2.110000000000000000e+02 4.700000000000000000e+01
1.546875000000000000e+02 2.110000000000000000e+02 4.700000000000000000e+01
1.549676513671875000e+02 2.110000000000000000e+02 4.700000000000000000e+01
1.551873779296875000e+02 2.120000000000000000e+02 4.700000000000000000e+01
1.554840087890625000e+02 2.130000000000000000e+02 4.700000000000000000e+01
1.557641601562500000e+02 2.130000000000000000e+02 4.700000000000000000e+01
1.559838867187500000e+02 2.140000000000000000e+02 4.700000000000000000e+01
1.562640380859375000e+02 2.140000000000000000e+02 4.700000000000000000e+01
1.565441894531250000e+02 2.150000000000000000e+02 4.700000000000000000e+01
1.568243408203125000e+02 2.150000000000000000e+02 4.700000000000000000e+01
1.570605468750000000e+02 2.160000000000000000e+02 4.700000000000000000e+01
1.573406982421875000e+02 2.160000000000000000e+02 4.700000000000000000e+01
1.576208496093750000e+02 2.170000000000000000e+02 4.700000000000000000e+01
1.579010009765625000e+02 2.170000000000000000e+02 4.700000000000000000e+01
1.581372070312500000e+02 2.180000000000000000e+02 4.700000000000000000e+01
1.584173583984375000e+02 2.180000000000000000e+02 4.700000000000000000e+01
1.587030029296875000e+02 2.190000000000000000e+02 4.700000000000000000e+01
1.589831542968750000e+02 2.190000000000000000e+02 4.700000000000000000e+01
1.592028808593750000e+02 2.200000000000000000e+02 4.700000000000000000e+01
1.594995117187500000e+02 2.200000000000000000e+02 4.700000000000000000e+01
1.597796630859375000e+02 2.210000000000000000e+02 4.700000000000000000e+01
1.599993896484375000e+02 2.220000000000000000e+02 4.700000000000000000e+01
1.602795410156250000e+02 2.220000000000000000e+02 4.700000000000000000e+01
1.605596923828125000e+02 2.230000000000000000e+02 4.700000000000000000e+01
1.607958984375000000e+02 2.240000000000000000e+02 4.700000000000000000e+01
1.610760498046875000e+02 2.250000000000000000e+02 4.700000000000000000e+01
1.613562011718750000e+02 2.250000000000000000e+02 4.700000000000000000e+01
1.615759277343750000e+02 2.260000000000000000e+02 4.700000000000000000e+01
1.618725585937500000e+02 2.270000000000000000e+02 4.700000000000000000e+01
1.620922851562500000e+02 2.280000000000000000e+02 4.700000000000000000e+01
1.623724365234375000e+02 2.280000000000000000e+02 4.700000000000000000e+01
1.626525878906250000e+02 2.290000000000000000e+02 4.700000000000000000e+01
1.628887939453125000e+02 2.300000000000000000e+02 4.700000000000000000e+01
1.631689453125000000e+02 2.300000000000000000e+02 4.700000000000000000e+01
1.634490966796875000e+02 2.310000000000000000e+02 4.700000000000000000e+01
1.636688232421875000e+02 2.320000000000000000e+02 4.700000000000000000e+01
1.639654541015625000e+02 2.330000000000000000e+02 4.700000000000000000e+01
1.642456054687500000e+02 2.340000000000000000e+02 4.700000000000000000e+01
1.645312500000000000e+02 2.340000000000000000e+02 4.700000000000000000e+01
1.647454833984375000e+02 2.350000000000000000e+02 4.700000000000000000e+01
1.650311279296875000e+02 2.360000000000000000e+02 4.700000000000000000e+01
1.652618408203125000e+02 2.370000000000000000e+02 4.700000000000000000e+01
1.655419921875000000e+02 2.380000000000000000e+02 4.700000000000000000e+01
1.657617187500000000e+02 2.390000000000000000e+02 4.700000000000000000e+01
1.660418701171875000e+02 2.390000000000000000e+02 4.700000000000000000e+01
1.663385009765625000e+02 2.400000000000000000e+02 4.700000000000000000e+01
1.666241455078125000e+02 2.410000000000000000e+02 4.700000000000000000e+01
1.668383789062500000e+02 2.420000000000000000e+02 4.700000000000000000e+01
1.671240234375000000e+02 2.430000000000000000e+02 4.700000000000000000e+01
1.673547363281250000e+02 2.440000000000000000e+02 4.700000000000000000e+01
1.676403808593750000e+02 2.450000000000000000e+02 4.700000000000000000e+01
1.678546142578125000e+02 2.460000000000000000e+02 4.700000000000000000e+01
1.681402587890625000e+02 2.470000000000000000e+02 4.700000000000000000e+01
1.684368896484375000e+02 2.480000000000000000e+02 4.700000000000000000e+01
1.686511230468750000e+02 2.490000000000000000e+02 4.700000000000000000e+01
1.689367675781250000e+02 2.500000000000000000e+02 4.700000000000000000e+01
1.691674804687500000e+02 2.510000000000000000e+02 4.700000000000000000e+01
1.694531250000000000e+02 2.520000000000000000e+02 4.700000000000000000e+01
1.697332763671875000e+02 2.530000000000000000e+02 4.700000000000000000e+01
1.699530029296875000e+02 2.540000000000000000e+02 4.700000000000000000e+01
1.702331542968750000e+02 2.560000000000000000e+02 4.700000000000000000e+01
1.704638671875000000e+02 2.570000000000000000e+02 4.700000000000000000e+01
1.706835937500000000e+02 2.590000000000000000e+02 4.700000000000000000e+01
1.709637451171875000e+02 2.600000000000000000e+02 4.700000000000000000e+01
1.711999511718750000e+02 2.620000000000000000e+02 4.700000000000000000e+01
1.714801025390625000e+02 2.640000000000000000e+02 4.700000000000000000e+01
1.717163085937500000e+02 2.650000000000000000e+02 4.700000000000000000e+01
1.719964599609375000e+02 2.670000000000000000e+02 4.700000000000000000e+01
1.722161865234375000e+02 2.680000000000000000e+02 4.700000000000000000e+01
1.724963378906250000e+02 2.700000000000000000e+02 4.700000000000000000e+01
1.727325439453125000e+02 2.710000000000000000e+02 4.700000000000000000e+01
1.730126953125000000e+02 2.720000000000000000e+02 4.700000000000000000e+01
1.732928466796875000e+02 2.730000000000000000e+02 4.700000000000000000e+01
1.735125732421875000e+02 2.740000000000000000e+02 4.700000000000000000e+01
1.737927246093750000e+02 2.750000000000000000e+02 4.700000000000000000e+01
1.740728759765625000e+02 2.760000000000000000e+02 4.700000000000000000e+01
1.743585205078125000e+02 2.760000000000000000e+02 4.700000000000000000e+01
1.746551513671875000e+02 2.760000000000000000e+02 4.700000000000000000e+01
1.749353027343750000e+02 2.760000000000000000e+02 4.700000000000000000e+01
1.752154541015625000e+02 2.750000000000000000e+02 4.700000000000000000e+01
1.754956054687500000e+02 2.750000000000000000e+02 4.700000000000000000e+01
1.757812500000000000e+02 2.740000000000000000e+02 4.700000000000000000e+01
1.761218261718750000e+02 2.730000000000000000e+02 4.700000000000000000e+01
1.764019775390625000e+02 2.720000000000000000e+02 4.700000000000000000e+01
1.766821289062500000e+02 2.710000000000000000e+02 4.700000000000000000e+01
1.770117187500000000e+02 2.700000000000000000e+02 4.700000000000000000e+01
1.772918701171875000e+02 2.700000000000000000e+02 4.700000000000000000e+01
1.775775146484375000e+02 2.690000000000000000e+02 4.700000000000000000e+01
1.778741455078125000e+02 2.690000000000000000e+02 4.700000000000000000e+01
1.781542968750000000e+02 2.700000000000000000e+02 4.700000000000000000e+01
1.783740234375000000e+02 2.710000000000000000e+02 4.700000000000000000e+01
1.786541748046875000e+02 2.720000000000000000e+02 4.700000000000000000e+01
1.788903808593750000e+02 2.740000000000000000e+02 4.700000000000000000e+01
1.793902587890625000e+02 2.770000000000000000e+02 4.700000000000000000e+01
1.799505615234375000e+02 2.960000000000000000e+02 4.700000000000000000e+01
1.801867675781250000e+02 2.990000000000000000e+02 4.700000000000000000e+01
1.804010009765625000e+02 3.000000000000000000e+02 4.700000000000000000e+01
1.807470703125000000e+02 2.990000000000000000e+02 4.700000000000000000e+01
1.810931396484375000e+02 2.950000000000000000e+02 4.700000000000000000e+01
1.814172363281250000e+02 2.900000000000000000e+02 4.700000000000000000e+01
1.818237304687500000e+02 2.830000000000000000e+02 4.700000000000000000e+01
1.822796630859375000e+02 2.760000000000000000e+02 4.700000000000000000e+01
1.826092529296875000e+02 2.730000000000000000e+02 4.700000000000000000e+01
1.828894042968750000e+02 2.710000000000000000e+02 4.700000000000000000e+01
1.831695556640625000e+02 2.710000000000000000e+02 4.700000000000000000e+01
1.834497070312500000e+02 2.720000000000000000e+02 4.700000000000000000e+01
1.837298583984375000e+02 2.730000000000000000e+02 4.700000000000000000e+01
1.840264892578125000e+02 2.730000000000000000e+02 4.700000000000000000e+01
1.842462158203125000e+02 2.740000000000000000e+02 4.700000000000000000e+01
1.845263671875000000e+02 2.760000000000000000e+02 4.700000000000000000e+01
1.847625732421875000e+02 2.780000000000000000e+02 4.700000000000000000e+01
1.849822998046875000e+02 2.800000000000000000e+02 4.700000000000000000e+01
1.852624511718750000e+02 2.820000000000000000e+02 4.700000000000000000e+01
1.854986572265625000e+02 2.840000000000000000e+02 4.700000000000000000e+01
1.857183837890625000e+02 2.860000000000000000e+02 4.700000000000000000e+01
1.859985351562500000e+02 2.860000000000000000e+02 4.700000000000000000e+01
1.863391113281250000e+02 2.850000000000000000e+02 4.700000000000000000e+01
1.866247558593750000e+02 2.850000000000000000e+02 4.700000000000000000e+01
1.869049072265625000e+02 2.840000000000000000e+02 4.700000000000000000e+01
1.871850585937500000e+02 2.840000000000000000e+02 4.700000000000000000e+01
1.874652099609375000e+02 2.830000000000000000e+02 4.700000000000000000e+01
1.878112792968750000e+02 2.820000000000000000e+02 4.700000000000000000e+01
1.880914306640625000e+02 2.810000000000000000e+02 4.700000000000000000e+01
1.883715820312500000e+02 2.810000000000000000e+02 4.700000000000000000e+01
1.886517333984375000e+02 2.800000000000000000e+02 4.700000000000000000e+01
1.889978027343750000e+02 2.790000000000000000e+02 4.700000000000000000e+01
1.892779541015625000e+02 2.780000000000000000e+02 4.700000000000000000e+01
1.895581054687500000e+02 2.770000000000000000e+02 4.700000000000000000e+01
1.898876953125000000e+02 2.760000000000000000e+02 4.700000000000000000e+01
1.901843261718750000e+02 2.740000000000000000e+02 4.700000000000000000e+01
1.904644775390625000e+02 2.740000000000000000e+02 4.700000000000000000e+01
1.907940673828125000e+02 2.730000000000000000e+02 4.700000000000000000e+01
1.910742187500000000e+02 2.720000000000000000e+02 4.700000000000000000e+01
1.913543701171875000e+02 2.710000000000000000e+02 4.700000000000000000e+01
1.917004394531250000e+02 2.690000000000000000e+02 4.700000000000000000e+01
1.919805908203125000e+02 2.680000000000000000e+02 4.700000000000000000e+01
1.923266601562500000e+02 2.670000000000000000e+02 4.700000000000000000e+01
1.926068115234375000e+02 2.660000000000000000e+02 4.700000000000000000e+01
1.928869628906250000e+02 2.650000000000000000e+02 4.700000000000000000e+01
1.932330322265625000e+02 2.630000000000000000e+02 4.700000000000000000e+01
1.935131835937500000e+02 2.620000000000000000e+02 4.700000000000000000e+01
1.938427734375000000e+02 2.610000000000000000e+02 4.700000000000000000e+01
1.941229248046875000e+02 2.600000000000000000e+02 4.700000000000000000e+01
1.944195556640625000e+02 2.590000000000000000e+02 4.700000000000000000e+01
1.947491455078125000e+02 2.580000000000000000e+02 4.700000000000000000e+01
1.950292968750000000e+02 2.570000000000000000e+02 4.700000000000000000e+01
1.953698730468750000e+02 2.560000000000000000e+02 4.700000000000000000e+01
1.956555175781250000e+02 2.550000000000000000e+02 4.700000000000000000e+01
1.959356689453125000e+02 2.540000000000000000e+02 4.700000000000000000e+01
1.962762451171875000e+02 2.530000000000000000e+02 4.700000000000000000e+01
1.965618896484375000e+02 2.520000000000000000e+02 4.700000000000000000e+01
1.968420410156250000e+02 2.510000000000000000e+02 4.700000000000000000e+01
1.971826171875000000e+02 2.500000000000000000e+02 4.700000000000000000e+01
1.974682617187500000e+02 2.500000000000000000e+02 4.700000000000000000e+01
1.977484130859375000e+02 2.490000000000000000e+02 4.700000000000000000e+01
1.980780029296875000e+02 2.480000000000000000e+02 4.700000000000000000e+01
1.983581542968750000e+02 2.470000000000000000e+02 4.700000000000000000e+01
1.986547851562500000e+02 2.460000000000000000e+02 4.700000000000000000e+01
1.989349365234375000e+02 2.460000000000000000e+02 4.700000000000000000e+01
1.992645263671875000e+02 2.450000000000000000e+02 4.700000000000000000e+01
1.995446777343750000e+02 2.440000000000000000e+02 4.700000000000000000e+01
1.998248291015625000e+02 2.440000000000000000e+02 4.700000000000000000e+01
2.001049804687500000e+02 2.440000000000000000e+02 4.700000000000000000e+01
2.004510498046875000e+02 2.430000000000000000e+02 4.700000000000000000e+01
2.007312011718750000e+02 2.430000000000000000e+02 4.700000000000000000e+01
2.010113525390625000e+02 2.430000000000000000e+02 4.700000000000000000e+01
2.012915039062500000e+02 2.420000000000000000e+02 4.700000000000000000e+01
2.016375732421875000e+02 2.410000000000000000e+02 4.700000000000000000e+01
2.019177246093750000e+02 2.400000000000000000e+02 4.700000000000000000e+01
2.021978759765625000e+02 2.400000000000000000e+02 4.700000000000000000e+01
2.024835205078125000e+02 2.400000000000000000e+02 4.700000000000000000e+01
2.027636718750000000e+02 2.390000000000000000e+02 4.700000000000000000e+01
2.030438232421875000e+02 2.390000000000000000e+02 4.700000000000000000e+01
2.033239746093750000e+02 2.390000000000000000e+02 4.700000000000000000e+01
2.036700439453125000e+02 2.380000000000000000e+02 4.700000000000000000e+01
2.039501953125000000e+02 2.380000000000000000e+02 4.700000000000000000e+01
2.042303466796875000e+02 2.380000000000000000e+02 4.700000000000000000e+01
2.045104980468750000e+02 2.380000000000000000e+02 4.700000000000000000e+01
2.047961425781250000e+02 2.370000000000000000e+02 4.700000000000000000e+01
2.050762939453125000e+02 2.370000000000000000e+02 4.700000000000000000e+01
2.053564453125000000e+02 2.370000000000000000e+02 4.700000000000000000e+01
2.057025146484375000e+02 2.360000000000000000e+02 4.700000000000000000e+01
2.059826660156250000e+02 2.360000000000000000e+02 4.700000000000000000e+01
2.062628173828125000e+02 2.360000000000000000e+02 4.700000000000000000e+01
2.065429687500000000e+02 2.350000000000000000e+02 4.700000000000000000e+01
2.068725585937500000e+02 2.340000000000000000e+02 4.700000000000000000e+01
2.071527099609375000e+02 2.330000000000000000e+02 4.700000000000000000e+01
2.074328613281250000e+02 2.330000000000000000e+02 4.700000000000000000e+01
2.077185058593750000e+02 2.330000000000000000e+02 4.700000000000000000e+01
2.079986572265625000e+02 2.330000000000000000e+02 4.700000000000000000e+01
2.082952880859375000e+02 2.330000000000000000e+02 4.700000000000000000e+01
2.085754394531250000e+02 2.330000000000000000e+02 4.700000000000000000e+01
2.088555908203125000e+02 2.330000000000000000e+02 4.700000000000000000e+01
2.091357421875000000e+02 2.330000000000000000e+02 4.700000000000000000e+01
2.094213867187500000e+02 2.330000000000000000e+02 4.700000000000000000e+01
2.097015380859375000e+02 2.340000000000000000e+02 4.700000000000000000e+01
2.099212646484375000e+02 2.350000000000000000e+02 4.700000000000000000e+01
2.102014160156250000e+02 2.350000000000000000e+02 4.700000000000000000e+01
2.104815673828125000e+02 2.360000000000000000e+02 4.700000000000000000e+01
2.107617187500000000e+02 2.360000000000000000e+02 4.700000000000000000e+01
2.110418701171875000e+02 2.360000000000000000e+02 4.700000000000000000e+01
2.113275146484375000e+02 2.360000000000000000e+02 4.700000000000000000e+01
2.116076660156250000e+02 2.360000000000000000e+02 4.700000000000000000e+01
2.118383789062500000e+02 2.370000000000000000e+02 4.700000000000000000e+01
2.121240234375000000e+02 2.370000000000000000e+02 4.700000000000000000e+01
2.124041748046875000e+02 2.370000000000000000e+02 4.700000000000000000e+01
2.126843261718750000e+02 2.380000000000000000e+02 4.700000000000000000e+01
2.129644775390625000e+02 2.380000000000000000e+02 4.700000000000000000e+01
2.132446289062500000e+02 2.380000000000000000e+02 4.700000000000000000e+01
2.135302734375000000e+02 2.380000000000000000e+02 4.700000000000000000e+01
2.138104248046875000e+02 2.380000000000000000e+02 4.700000000000000000e+01
2.140905761718750000e+02 2.380000000000000000e+02 4.700000000000000000e+01
2.143267822265625000e+02 2.390000000000000000e+02 4.700000000000000000e+01
2.146069335937500000e+02 2.400000000000000000e+02 4.700000000000000000e+01
2.148870849609375000e+02 2.400000000000000000e+02 4.700000000000000000e+01
2.151672363281250000e+02 2.410000000000000000e+02 4.700000000000000000e+01
2.153869628906250000e+02 2.420000000000000000e+02 4.700000000000000000e+01
2.156671142578125000e+02 2.420000000000000000e+02 4.700000000000000000e+01
2.159527587890625000e+02 2.420000000000000000e+02 4.700000000000000000e+01
2.162329101562500000e+02 2.430000000000000000e+02 4.700000000000000000e+01
2.164636230468750000e+02 2.440000000000000000e+02 4.700000000000000000e+01
2.167492675781250000e+02 2.450000000000000000e+02 4.700000000000000000e+01
2.169635009765625000e+02 2.460000000000000000e+02 4.700000000000000000e+01
2.172491455078125000e+02 2.460000000000000000e+02 4.700000000000000000e+01
2.175292968750000000e+02 2.470000000000000000e+02 4.700000000000000000e+01
2.178094482421875000e+02 2.480000000000000000e+02 4.700000000000000000e+01
2.180456542968750000e+02 2.490000000000000000e+02 4.700000000000000000e+01
2.183258056640625000e+02 2.500000000000000000e+02 4.700000000000000000e+01
2.185455322265625000e+02 2.510000000000000000e+02 4.700000000000000000e+01
2.188256835937500000e+02 2.520000000000000000e+02 4.700000000000000000e+01
2.191058349609375000e+02 2.530000000000000000e+02 4.700000000000000000e+01
2.193420410156250000e+02 2.550000000000000000e+02 4.700000000000000000e+01
2.196221923828125000e+02 2.560000000000000000e+02 4.700000000000000000e+01
2.198419189453125000e+02 2.570000000000000000e+02 4.700000000000000000e+01
2.200781250000000000e+02 2.590000000000000000e+02 4.700000000000000000e+01
2.203582763671875000e+02 2.600000000000000000e+02 4.700000000000000000e+01
2.206384277343750000e+02 2.610000000000000000e+02 4.700000000000000000e+01
2.208581542968750000e+02 2.630000000000000000e+02 4.700000000000000000e+01
2.211383056640625000e+02 2.640000000000000000e+02 4.700000000000000000e+01
2.213745117187500000e+02 2.650000000000000000e+02 4.700000000000000000e+01
2.216546630859375000e+02 2.670000000000000000e+02 4.700000000000000000e+01
2.218743896484375000e+02 2.680000000000000000e+02 4.700000000000000000e+01
2.221545410156250000e+02 2.700000000000000000e+02 4.700000000000000000e+01
2.223852539062500000e+02 2.710000000000000000e+02 4.700000000000000000e+01
2.226708984375000000e+02 2.730000000000000000e+02 4.700000000000000000e+01
2.228906250000000000e+02 2.740000000000000000e+02 4.700000000000000000e+01
2.231707763671875000e+02 2.760000000000000000e+02 4.700000000000000000e+01
2.234014892578125000e+02 2.770000000000000000e+02 4.700000000000000000e+01
2.236871337890625000e+02 2.790000000000000000e+02 4.700000000000000000e+01
2.239013671875000000e+02 2.810000000000000000e+02 4.700000000000000000e+01
2.241870117187500000e+02 2.820000000000000000e+02 4.700000000000000000e+01
2.244177246093750000e+02 2.840000000000000000e+02 4.700000000000000000e+01
2.246978759765625000e+02 2.840000000000000000e+02 4.700000000000000000e+01
2.249835205078125000e+02 2.850000000000000000e+02 4.700000000000000000e+01
2.251977539062500000e+02 2.870000000000000000e+02 4.700000000000000000e+01
2.254339599609375000e+02 2.910000000000000000e+02 4.700000000000000000e+01
2.257141113281250000e+02 2.920000000000000000e+02 4.700000000000000000e+01
2.259997558593750000e+02 2.910000000000000000e+02 4.700000000000000000e+01
2.262139892578125000e+02 2.930000000000000000e+02 4.700000000000000000e+01
2.264996337890625000e+02 2.960000000000000000e+02 4.700000000000000000e+01
2.267303466796875000e+02 2.980000000000000000e+02 4.700000000000000000e+01
2.269500732421875000e+02 3.010000000000000000e+02 4.700000000000000000e+01
2.271862792968750000e+02 3.050000000000000000e+02 4.700000000000000000e+01
2.279663085937500000e+02 3.100000000000000000e+02 4.700000000000000000e+01
2.282464599609375000e+02 3.530000000000000000e+02 4.700000000000000000e+01
2.285266113281250000e+02 3.560000000000000000e+02 4.700000000000000000e+01
2.287628173828125000e+02 3.570000000000000000e+02 4.700000000000000000e+01
2.291088867187500000e+02 3.540000000000000000e+02 4.700000000000000000e+01
2.299987792968750000e+02 3.490000000000000000e+02 4.700000000000000000e+01
2.307293701171875000e+02 3.140000000000000000e+02 4.700000000000000000e+01
2.310150146484375000e+02 3.120000000000000000e+02 4.700000000000000000e+01
2.313555908203125000e+02 3.110000000000000000e+02 4.700000000000000000e+01
2.316357421875000000e+02 3.100000000000000000e+02 4.700000000000000000e+01
2.319213867187500000e+02 3.100000000000000000e+02 4.700000000000000000e+01
2.322015380859375000e+02 3.090000000000000000e+02 4.700000000000000000e+01
2.324816894531250000e+02 3.080000000000000000e+02 4.700000000000000000e+01
2.328112792968750000e+02 3.070000000000000000e+02 4.700000000000000000e+01
2.331079101562500000e+02 3.060000000000000000e+02 4.700000000000000000e+01
2.333880615234375000e+02 3.050000000000000000e+02 4.700000000000000000e+01
2.336682128906250000e+02 3.050000000000000000e+02 4.700000000000000000e+01
2.339483642578125000e+02 3.050000000000000000e+02 4.700000000000000000e+01
2.342340087890625000e+02 3.050000000000000000e+02 4.700000000000000000e+01
2.345141601562500000e+02 3.040000000000000000e+02 4.700000000000000000e+01
2.347943115234375000e+02 3.040000000000000000e+02 4.700000000000000000e+01
2.351239013671875000e+02 3.030000000000000000e+02 4.700000000000000000e+01
2.354040527343750000e+02 3.020000000000000000e+02 4.700000000000000000e+01
2.356842041015625000e+02 3.020000000000000000e+02 4.700000000000000000e+01
2.359808349609375000e+02 3.020000000000000000e+02 4.700000000000000000e+01
2.362609863281250000e+02 3.020000000000000000e+02 4.700000000000000000e+01
2.365466308593750000e+02 3.020000000000000000e+02 4.700000000000000000e+01
2.368267822265625000e+02 3.020000000000000000e+02 4.700000000000000000e+01
2.371069335937500000e+02 3.020000000000000000e+02 4.700000000000000000e+01
2.373870849609375000e+02 3.020000000000000000e+02 4.700000000000000000e+01
2.376672363281250000e+02 3.030000000000000000e+02 4.700000000000000000e+01
2.379528808593750000e+02 3.010000000000000000e+02 4.700000000000000000e+01
2.382769775390625000e+02 2.980000000000000000e+02 4.700000000000000000e+01
2.386230468750000000e+02 2.940000000000000000e+02 4.700000000000000000e+01
2.389636230468750000e+02 2.920000000000000000e+02 4.700000000000000000e+01
2.391833496093750000e+02 2.930000000000000000e+02 4.700000000000000000e+01
2.394635009765625000e+02 2.940000000000000000e+02 4.700000000000000000e+01
2.397491455078125000e+02 2.940000000000000000e+02 4.700000000000000000e+01
2.400292968750000000e+02 2.950000000000000000e+02 4.700000000000000000e+01
2.403094482421875000e+02 2.950000000000000000e+02 4.700000000000000000e+01
2.405895996093750000e+02 2.960000000000000000e+02 4.700000000000000000e+01
2.408258056640625000e+02 2.970000000000000000e+02 4.700000000000000000e+01
2.411059570312500000e+02 2.970000000000000000e+02 4.700000000000000000e+01
2.413861083984375000e+02 2.990000000000000000e+02 4.700000000000000000e+01
2.416058349609375000e+02 3.000000000000000000e+02 4.700000000000000000e+01
2.418859863281250000e+02 3.020000000000000000e+02 4.700000000000000000e+01
2.424023437500000000e+02 3.050000000000000000e+02 4.700000000000000000e+01
2.429681396484375000e+02 3.260000000000000000e+02 4.700000000000000000e+01
2.431823730468750000e+02 3.300000000000000000e+02 4.700000000000000000e+01
2.434185791015625000e+02 3.340000000000000000e+02 4.700000000000000000e+01
2.436383056640625000e+02 3.390000000000000000e+02 4.700000000000000000e+01
2.457476806640625000e+02 6.240000000000000000e+02 4.700000000000000000e+01
2.460278320312500000e+02 6.180000000000000000e+02 4.700000000000000000e+01
2.463574218750000000e+02 6.120000000000000000e+02 4.700000000000000000e+01
2.466375732421875000e+02 6.080000000000000000e+02 4.700000000000000000e+01
2.469177246093750000e+02 6.060000000000000000e+02 4.700000000000000000e+01
2.471978759765625000e+02 6.040000000000000000e+02 4.700000000000000000e+01
2.474835205078125000e+02 6.000000000000000000e+02 4.700000000000000000e+01
2.478240966796875000e+02 5.980000000000000000e+02 4.700000000000000000e+01
2.481042480468750000e+02 5.960000000000000000e+02 4.700000000000000000e+01
2.483898925781250000e+02 5.940000000000000000e+02 4.700000000000000000e+01
2.486700439453125000e+02 5.940000000000000000e+02 4.700000000000000000e+01
2.489501953125000000e+02 5.920000000000000000e+02 4.700000000000000000e+01
2.492303466796875000e+02 5.900000000000000000e+02 4.700000000000000000e+01
2.495104980468750000e+02 5.900000000000000000e+02 4.700000000000000000e+01
2.497961425781250000e+02 5.900000000000000000e+02 4.700000000000000000e+01
2.500762939453125000e+02 5.900000000000000000e+02 4.700000000000000000e+01
2.503564453125000000e+02 5.880000000000000000e+02 4.700000000000000000e+01
2.506365966796875000e+02 5.880000000000000000e+02 4.700000000000000000e+01
2.509167480468750000e+02 5.880000000000000000e+02 4.700000000000000000e+01
2.512023925781250000e+02 5.880000000000000000e+02 4.700000000000000000e+01
2.514825439453125000e+02 5.880000000000000000e+02 4.700000000000000000e+01
2.517626953125000000e+02 5.880000000000000000e+02 4.700000000000000000e+01
2.520428466796875000e+02 5.880000000000000000e+02 4.700000000000000000e+01
2.523229980468750000e+02 5.880000000000000000e+02 4.700000000000000000e+01
2.526086425781250000e+02 5.880000000000000000e+02 4.700000000000000000e+01
2.528887939453125000e+02 5.880000000000000000e+02 4.700000000000000000e+01
2.531689453125000000e+02 5.880000000000000000e+02 4.700000000000000000e+01
2.534490966796875000e+02 5.900000000000000000e+02 4.700000000000000000e+01
2.537292480468750000e+02 5.900000000000000000e+02 4.700000000000000000e+01
2.540148925781250000e+02 5.900000000000000000e+02 4.700000000000000000e+01
2.542950439453125000e+02 5.920000000000000000e+02 4.700000000000000000e+01
2.545751953125000000e+02 5.920000000000000000e+02 4.700000000000000000e+01
2.548553466796875000e+02 5.940000000000000000e+02 4.700000000000000000e+01
2.551354980468750000e+02 5.940000000000000000e+02 4.700000000000000000e+01
2.554211425781250000e+02 5.960000000000000000e+02 4.700000000000000000e+01
2.557012939453125000e+02 5.980000000000000000e+02 4.700000000000000000e+01
2.559210205078125000e+02 6.000000000000000000e+02 4.700000000000000000e+01
2.562011718750000000e+02 6.020000000000000000e+02 4.700000000000000000e+01
2.564813232421875000e+02 6.060000000000000000e+02 4.700000000000000000e+01
2.567614746093750000e+02 6.100000000000000000e+02 4.700000000000000000e+01
2.569812011718750000e+02 6.160000000000000000e+02 4.700000000000000000e+01
2.572613525390625000e+02 6.200000000000000000e+02 4.700000000000000000e+01
2.575415039062500000e+02 6.240000000000000000e+02 4.700000000000000000e+01
2.578271484375000000e+02 6.260000000000000000e+02 4.700000000000000000e+01
2.581072998046875000e+02 6.280000000000000000e+02 4.700000000000000000e+01
2.583874511718750000e+02 6.280000000000000000e+02 4.700000000000000000e+01
2.586676025390625000e+02 6.260000000000000000e+02 4.700000000000000000e+01
2.589477539062500000e+02 6.260000000000000000e+02 4.700000000000000000e+01
2.592333984375000000e+02 6.260000000000000000e+02 4.700000000000000000e+01
2.595135498046875000e+02 6.260000000000000000e+02 4.700000000000000000e+01
2.597937011718750000e+02 6.260000000000000000e+02 4.700000000000000000e+01
2.600738525390625000e+02 6.260000000000000000e+02 4.700000000000000000e+01
2.603540039062500000e+02 6.280000000000000000e+02 4.700000000000000000e+01
2.606396484375000000e+02 6.280000000000000000e+02 4.700000000000000000e+01
2.609197998046875000e+02 6.280000000000000000e+02 4.700000000000000000e+01
2.611999511718750000e+02 6.300000000000000000e+02 4.700000000000000000e+01
2.614196777343750000e+02 6.320000000000000000e+02 4.700000000000000000e+01
2.616998291015625000e+02 6.340000000000000000e+02 4.700000000000000000e+01
2.619799804687500000e+02 6.360000000000000000e+02 4.700000000000000000e+01
2.622656250000000000e+02 6.420000000000000000e+02 4.700000000000000000e+01
2.624963378906250000e+02 6.480000000000000000e+02 4.700000000000000000e+01
2.627764892578125000e+02 6.580000000000000000e+02 4.700000000000000000e+01
2.653088378906250000e+02 3.324000000000000000e+03 4.700000000000000000e+01
2.655285644531250000e+02 4.008000000000000000e+03 4.700000000000000000e+01
2.658087158203125000e+02 4.016000000000000000e+03 4.700000000000000000e+01
2.660888671875000000e+02 4.012000000000000000e+03 4.700000000000000000e+01
2.663745117187500000e+02 3.996000000000000000e+03 4.700000000000000000e+01
2.666546630859375000e+02 4.000000000000000000e+03 4.700000000000000000e+01
2.669348144531250000e+02 4.020000000000000000e+03 4.700000000000000000e+01
2.672149658203125000e+02 4.036000000000000000e+03 4.700000000000000000e+01
2.674951171875000000e+02 4.032000000000000000e+03 4.700000000000000000e+01
2.677807617187500000e+02 4.032000000000000000e+03 4.700000000000000000e+01
2.680609130859375000e+02 4.044000000000000000e+03 4.700000000000000000e+01
2.683410644531250000e+02 4.044000000000000000e+03 4.700000000000000000e+01
2.686212158203125000e+02 4.040000000000000000e+03 4.700000000000000000e+01
2.694671630859375000e+02 4.056000000000000000e+03 4.700000000000000000e+01
2.702966308593750000e+02 4.060000000000000000e+03 4.700000000000000000e+01
2.705767822265625000e+02 4.048000000000000000e+03 4.700000000000000000e+01
2.708569335937500000e+02 4.068000000000000000e+03 4.700000000000000000e+01
2.711370849609375000e+02 4.084000000000000000e+03 4.700000000000000000e+01
2.714172363281250000e+02 4.092000000000000000e+03 4.700000000000000000e+01
2.717028808593750000e+02 4.088000000000000000e+03 4.700000000000000000e+01
2.719830322265625000e+02 4.088000000000000000e+03 4.700000000000000000e+01
2.722137451171875000e+02 4.100000000000000000e+03 4.700000000000000000e+01
2.724993896484375000e+02 4.120000000000000000e+03 4.700000000000000000e+01
2.727795410156250000e+02 4.112000000000000000e+03 4.700000000000000000e+01
2.730596923828125000e+02 4.112000000000000000e+03 4.700000000000000000e+01
2.733398437500000000e+02 4.112000000000000000e+03 4.700000000000000000e+01
2.736694335937500000e+02 4.096000000000000000e+03 4.700000000000000000e+01
2.739495849609375000e+02 4.088000000000000000e+03 4.700000000000000000e+01
2.742297363281250000e+02 4.080000000000000000e+03 4.700000000000000000e+01
2.745153808593750000e+02 4.060000000000000000e+03 4.700000000000000000e+01
2.747955322265625000e+02 4.060000000000000000e+03 4.700000000000000000e+01
2.750756835937500000e+02 4.052000000000000000e+03 4.700000000000000000e+01
2.753558349609375000e+02 4.040000000000000000e+03 4.700000000000000000e+01
2.756359863281250000e+02 4.036000000000000000e+03 4.700000000000000000e+01
2.759216308593750000e+02 4.024000000000000000e+03 4.700000000000000000e+01
2.762017822265625000e+02 4.012000000000000000e+03 4.700000000000000000e+01
2.764819335937500000e+02 4.004000000000000000e+03 4.700000000000000000e+01
2.767620849609375000e+02 3.984000000000000000e+03 4.700000000000000000e+01
2.770422363281250000e+02 3.964000000000000000e+03 4.700000000000000000e+01
2.773278808593750000e+02 3.960000000000000000e+03 4.700000000000000000e+01
2.776080322265625000e+02 3.952000000000000000e+03 4.700000000000000000e+01
2.778881835937500000e+02 3.940000000000000000e+03 4.700000000000000000e+01
2.781683349609375000e+02 3.916000000000000000e+03 4.700000000000000000e+01
2.784484863281250000e+02 3.912000000000000000e+03 4.700000000000000000e+01
2.787341308593750000e+02 3.908000000000000000e+03 4.700000000000000000e+01
2.790307617187500000e+02 3.900000000000000000e+03 4.700000000000000000e+01
2.793109130859375000e+02 3.896000000000000000e+03 4.700000000000000000e+01
2.795910644531250000e+02 3.892000000000000000e+03 4.700000000000000000e+01
2.798712158203125000e+02 3.880000000000000000e+03 4.700000000000000000e+01
2.801513671875000000e+02 3.876000000000000000e+03 4.700000000000000000e+01
2.804370117187500000e+02 3.872000000000000000e+03 4.700000000000000000e+01
2.807171630859375000e+02 3.856000000000000000e+03 4.700000000000000000e+01
2.809973144531250000e+02 3.864000000000000000e+03 4.700000000000000000e+01
2.812774658203125000e+02 3.860000000000000000e+03 4.700000000000000000e+01
2.815576171875000000e+02 3.832000000000000000e+03 4.700000000000000000e+01
2.818432617187500000e+02 3.820000000000000000e+03 4.700000000000000000e+01
2.821234130859375000e+02 3.788000000000000000e+03 4.700000000000000000e+01
2.824035644531250000e+02 3.808000000000000000e+03 4.700000000000000000e+01
2.826837158203125000e+02 3.868000000000000000e+03 4.700000000000000000e+01
2.829638671875000000e+02 3.884000000000000000e+03 4.700000000000000000e+01
2.847656250000000000e+02 8.056000000000000000e+03 4.700000000000000000e+01
2.850457763671875000e+02 8.096000000000000000e+03 4.700000000000000000e+01
2.853259277343750000e+02 8.096000000000000000e+03 4.700000000000000000e+01
2.878088378906250000e+02 8.536000000000000000e+03 4.700000000000000000e+01
2.934503173828125000e+02 8.384000000000000000e+03 4.700000000000000000e+01
2.937304687500000000e+02 8.232000000000000000e+03 4.700000000000000000e+01
2.940106201171875000e+02 8.208000000000000000e+03 4.700000000000000000e+01
2.945764160156250000e+02 8.248000000000000000e+03 4.700000000000000000e+01
3.014813232421875000e+02 4.090000000000000000e+02 4.700000000000000000e+01
3.017175292968750000e+02 4.110000000000000000e+02 4.700000000000000000e+01
3.020416259765625000e+02 4.080000000000000000e+02 4.700000000000000000e+01
3.023272705078125000e+02 4.050000000000000000e+02 4.700000000000000000e+01
3.028875732421875000e+02 4.060000000000000000e+02 4.700000000000000000e+01
3.083862304687500000e+02 1.940000000000000000e+03 4.700000000000000000e+01
3.086718750000000000e+02 1.934000000000000000e+03 4.700000000000000000e+01
3.089520263671875000e+02 1.936000000000000000e+03 4.700000000000000000e+01
3.092321777343750000e+02 1.938000000000000000e+03 4.700000000000000000e+01
3.095123291015625000e+02 1.940000000000000000e+03 4.700000000000000000e+01
3.097924804687500000e+02 1.942000000000000000e+03 4.700000000000000000e+01
3.100781250000000000e+02 1.942000000000000000e+03 4.700000000000000000e+01
3.103582763671875000e+02 1.946000000000000000e+03 4.700000000000000000e+01
3.106384277343750000e+02 1.950000000000000000e+03 4.700000000000000000e+01
3.109350585937500000e+02 1.946000000000000000e+03 4.700000000000000000e+01
3.112152099609375000e+02 1.948000000000000000e+03 4.700000000000000000e+01
3.114953613281250000e+02 1.954000000000000000e+03 4.700000000000000000e+01
3.117810058593750000e+02 1.956000000000000000e+03 4.700000000000000000e+01
3.120611572265625000e+02 1.958000000000000000e+03 4.700000000000000000e+01
3.123413085937500000e+02 1.954000000000000000e+03 4.700000000000000000e+01
3.131213378906250000e+02 1.504000000000000000e+03 4.700000000000000000e+01
3.139672851562500000e+02 1.462000000000000000e+03 4.700000000000000000e+01
3.145935058593750000e+02 1.100000000000000000e+03 4.700000000000000000e+01
3.148736572265625000e+02 1.090000000000000000e+03 4.700000000000000000e+01
3.151538085937500000e+02 1.092000000000000000e+03 4.700000000000000000e+01
3.154339599609375000e+02 1.090000000000000000e+03 4.700000000000000000e+01
3.157141113281250000e+02 1.090000000000000000e+03 4.700000000000000000e+01
3.159997558593750000e+02 1.090000000000000000e+03 4.700000000000000000e+01
3.162799072265625000e+02 1.088000000000000000e+03 4.700000000000000000e+01
3.165600585937500000e+02 1.090000000000000000e+03 4.700000000000000000e+01
3.168566894531250000e+02 1.092000000000000000e+03 4.700000000000000000e+01
3.171368408203125000e+02 1.094000000000000000e+03 4.700000000000000000e+01
3.174169921875000000e+02 1.098000000000000000e+03 4.700000000000000000e+01
3.177026367187500000e+02 1.102000000000000000e+03 4.700000000000000000e+01
3.179827880859375000e+02 1.108000000000000000e+03 4.700000000000000000e+01
3.182025146484375000e+02 1.132000000000000000e+03 4.700000000000000000e+01
3.184826660156250000e+02 1.158000000000000000e+03 4.700000000000000000e+01
3.192791748046875000e+02 1.174000000000000000e+03 4.700000000000000000e+01
3.199493408203125000e+02 1.100000000000000000e+03 4.700000000000000000e+01
3.202294921875000000e+02 1.108000000000000000e+03 4.700000000000000000e+01
3.210754394531250000e+02 1.102000000000000000e+03 4.700000000000000000e+01
3.213720703125000000e+02 1.090000000000000000e+03 4.700000000000000000e+01
3.226080322265625000e+02 7.040000000000000000e+02 4.700000000000000000e+01
3.228881835937500000e+02 7.060000000000000000e+02 4.700000000000000000e+01
3.231683349609375000e+02 7.100000000000000000e+02 4.700000000000000000e+01
3.234484863281250000e+02 7.120000000000000000e+02 4.700000000000000000e+01
3.237341308593750000e+02 7.140000000000000000e+02 4.700000000000000000e+01
3.240142822265625000e+02 7.160000000000000000e+02 4.700000000000000000e+01
3.242944335937500000e+02 7.180000000000000000e+02 4.700000000000000000e+01
3.245745849609375000e+02 7.200000000000000000e+02 4.700000000000000000e+01
3.248547363281250000e+02 7.220000000000000000e+02 4.700000000000000000e+01
3.250909423828125000e+02 7.240000000000000000e+02 4.700000000000000000e+01
3.253710937500000000e+02 7.260000000000000000e+02 4.700000000000000000e+01
3.256512451171875000e+02 7.280000000000000000e+02 4.700000000000000000e+01
3.259368896484375000e+02 7.320000000000000000e+02 4.700000000000000000e+01
3.262170410156250000e+02 7.340000000000000000e+02 4.700000000000000000e+01
3.264971923828125000e+02 7.360000000000000000e+02 4.700000000000000000e+01
3.267773437500000000e+02 7.380000000000000000e+02 4.700000000000000000e+01
3.270574951171875000e+02 7.420000000000000000e+02 4.700000000000000000e+01
3.273431396484375000e+02 7.420000000000000000e+02 4.700000000000000000e+01
3.275738525390625000e+02 7.460000000000000000e+02 4.700000000000000000e+01
3.278540039062500000e+02 7.480000000000000000e+02 4.700000000000000000e+01
3.281396484375000000e+02 7.520000000000000000e+02 4.700000000000000000e+01
3.284197998046875000e+02 7.560000000000000000e+02 4.700000000000000000e+01
3.286999511718750000e+02 7.600000000000000000e+02 4.700000000000000000e+01
3.289801025390625000e+02 7.620000000000000000e+02 4.700000000000000000e+01
3.292602539062500000e+02 7.620000000000000000e+02 4.700000000000000000e+01
3.295458984375000000e+02 7.660000000000000000e+02 4.700000000000000000e+01
3.297656250000000000e+02 7.700000000000000000e+02 4.700000000000000000e+01
3.300622558593750000e+02 7.740000000000000000e+02 4.700000000000000000e+01
3.303424072265625000e+02 7.780000000000000000e+02 4.700000000000000000e+01
3.306225585937500000e+02 7.800000000000000000e+02 4.700000000000000000e+01
3.309027099609375000e+02 7.840000000000000000e+02 4.700000000000000000e+01
3.311828613281250000e+02 7.860000000000000000e+02 4.700000000000000000e+01
3.314685058593750000e+02 7.880000000000000000e+02 4.700000000000000000e+01
3.316827392578125000e+02 7.940000000000000000e+02 4.700000000000000000e+01
3.319683837890625000e+02 7.980000000000000000e+02 4.700000000000000000e+01
3.322650146484375000e+02 8.020000000000000000e+02 4.700000000000000000e+01
3.325451660156250000e+02 8.040000000000000000e+02 4.700000000000000000e+01
3.328253173828125000e+02 8.060000000000000000e+02 4.700000000000000000e+01
3.331054687500000000e+02 8.080000000000000000e+02 4.700000000000000000e+01
3.333856201171875000e+02 8.120000000000000000e+02 4.700000000000000000e+01
3.336712646484375000e+02 8.160000000000000000e+02 4.700000000000000000e+01
3.338854980468750000e+02 8.200000000000000000e+02 4.700000000000000000e+01
3.341711425781250000e+02 8.240000000000000000e+02 4.700000000000000000e+01
3.344677734375000000e+02 8.260000000000000000e+02 4.700000000000000000e+01
3.347479248046875000e+02 8.260000000000000000e+02 4.700000000000000000e+01
3.350280761718750000e+02 8.240000000000000000e+02 4.700000000000000000e+01
3.353082275390625000e+02 8.220000000000000000e+02 4.700000000000000000e+01
3.355883789062500000e+02 8.200000000000000000e+02 4.700000000000000000e+01
3.358740234375000000e+02 8.220000000000000000e+02 4.700000000000000000e+01
3.361541748046875000e+02 8.200000000000000000e+02 4.700000000000000000e+01
3.367803955078125000e+02 8.160000000000000000e+02 4.700000000000000000e+01
3.373406982421875000e+02 8.140000000000000000e+02 4.700000000000000000e+01
3.376208496093750000e+02 8.140000000000000000e+02 4.700000000000000000e+01
3.379010009765625000e+02 8.020000000000000000e+02 4.700000000000000000e+01
3.381866455078125000e+02 7.980000000000000000e+02 4.700000000000000000e+01
3.384667968750000000e+02 7.940000000000000000e+02 4.700000000000000000e+01
3.388073730468750000e+02 7.900000000000000000e+02 4.700000000000000000e+01
3.390930175781250000e+02 7.860000000000000000e+02 4.700000000000000000e+01
3.393731689453125000e+02 7.860000000000000000e+02 4.700000000000000000e+01
3.396533203125000000e+02 7.820000000000000000e+02 4.700000000000000000e+01
3.399334716796875000e+02 7.760000000000000000e+02 4.700000000000000000e+01
3.402136230468750000e+02 7.740000000000000000e+02 4.700000000000000000e+01
3.411199951171875000e+02 8.840000000000000000e+02 4.700000000000000000e+01
3.414056396484375000e+02 8.800000000000000000e+02 4.700000000000000000e+01
3.416857910156250000e+02 8.800000000000000000e+02 4.700000000000000000e+01
3.420263671875000000e+02 8.760000000000000000e+02 4.700000000000000000e+01
3.423120117187500000e+02 8.680000000000000000e+02 4.700000000000000000e+01
3.425921630859375000e+02 8.600000000000000000e+02 4.700000000000000000e+01
3.428723144531250000e+02 8.580000000000000000e+02 4.700000000000000000e+01
3.431524658203125000e+02 8.540000000000000000e+02 4.700000000000000000e+01
3.434985351562500000e+02 8.460000000000000000e+02 4.700000000000000000e+01
3.437786865234375000e+02 8.420000000000000000e+02 4.700000000000000000e+01
3.440588378906250000e+02 8.400000000000000000e+02 4.700000000000000000e+01
3.443389892578125000e+02 8.380000000000000000e+02 4.700000000000000000e+01
3.446246337890625000e+02 8.300000000000000000e+02 4.700000000000000000e+01
3.449047851562500000e+02 8.240000000000000000e+02 4.700000000000000000e+01
3.451849365234375000e+02 8.200000000000000000e+02 4.700000000000000000e+01
3.455310058593750000e+02 8.180000000000000000e+02 4.700000000000000000e+01
3.458111572265625000e+02 8.140000000000000000e+02 4.700000000000000000e+01
3.460913085937500000e+02 8.100000000000000000e+02 4.700000000000000000e+01
3.463714599609375000e+02 8.020000000000000000e+02 4.700000000000000000e+01
3.466516113281250000e+02 7.980000000000000000e+02 4.700000000000000000e+01
3.469372558593750000e+02 7.960000000000000000e+02 4.700000000000000000e+01
3.472778320312500000e+02 7.900000000000000000e+02 4.700000000000000000e+01
3.475579833984375000e+02 7.840000000000000000e+02 4.700000000000000000e+01
3.478436279296875000e+02 7.820000000000000000e+02 4.700000000000000000e+01
3.481237792968750000e+02 7.800000000000000000e+02 4.700000000000000000e+01
3.484039306640625000e+02 7.760000000000000000e+02 4.700000000000000000e+01
3.486840820312500000e+02 7.740000000000000000e+02 4.700000000000000000e+01
3.490301513671875000e+02 7.680000000000000000e+02 4.700000000000000000e+01
3.493103027343750000e+02 7.640000000000000000e+02 4.700000000000000000e+01
3.495904541015625000e+02 7.620000000000000000e+02 4.700000000000000000e+01
3.498706054687500000e+02 7.600000000000000000e+02 4.700000000000000000e+01
3.501562500000000000e+02 7.580000000000000000e+02 4.700000000000000000e+01
3.504364013671875000e+02 7.520000000000000000e+02 4.700000000000000000e+01
3.507769775390625000e+02 7.440000000000000000e+02 4.700000000000000000e+01
3.510571289062500000e+02 7.420000000000000000e+02 4.700000000000000000e+01
3.513427734375000000e+02 7.380000000000000000e+02 4.700000000000000000e+01
3.516229248046875000e+02 7.360000000000000000e+02 4.700000000000000000e+01
3.519030761718750000e+02 7.360000000000000000e+02 4.700000000000000000e+01
3.521832275390625000e+02 7.340000000000000000e+02 4.700000000000000000e+01
3.524633789062500000e+02 7.280000000000000000e+02 4.700000000000000000e+01
3.527490234375000000e+02 7.240000000000000000e+02 4.700000000000000000e+01
3.530895996093750000e+02 7.220000000000000000e+02 4.700000000000000000e+01
3.533697509765625000e+02 7.200000000000000000e+02 4.700000000000000000e+01
3.538696289062500000e+02 7.160000000000000000e+02 4.700000000000000000e+01
3.541552734375000000e+02 7.100000000000000000e+02 4.700000000000000000e+01
3.544519042968750000e+02 7.080000000000000000e+02 4.700000000000000000e+01
3.550122070312500000e+02 7.060000000000000000e+02 4.700000000000000000e+01
3.564843750000000000e+02 6.960000000000000000e+02 4.700000000000000000e+01
3.567645263671875000e+02 6.880000000000000000e+02 4.700000000000000000e+01
3.570446777343750000e+02 6.880000000000000000e+02 4.700000000000000000e+01
3.573248291015625000e+02 6.880000000000000000e+02 4.700000000000000000e+01
3.576708984375000000e+02 6.820000000000000000e+02 4.700000000000000000e+01
3.579510498046875000e+02 6.780000000000000000e+02 4.700000000000000000e+01
3.582312011718750000e+02 6.760000000000000000e+02 4.700000000000000000e+01
3.585113525390625000e+02 6.740000000000000000e+02 4.700000000000000000e+01
3.588079833984375000e+02 6.720000000000000000e+02 4.700000000000000000e+01
3.590936279296875000e+02 6.720000000000000000e+02 4.700000000000000000e+01
3.593737792968750000e+02 6.700000000000000000e+02 4.700000000000000000e+01
3.596539306640625000e+02 6.660000000000000000e+02 4.700000000000000000e+01
