1.248046875000000000e+01 5.220000000000000000e+02 4.700000000000000000e+01
1.419982910156250000e+01 5.220000000000000000e+02 4.700000000000000000e+01
1.477661132812500000e+01 5.220000000000000000e+02 4.700000000000000000e+01
1.506225585937500000e+01 5.220000000000000000e+02 4.700000000000000000e+01
1.534240722656250000e+01 5.220000000000000000e+02 4.700000000000000000e+01
1.562255859375000000e+01 5.220000000000000000e+02 4.700000000000000000e+01
1.591918945312500000e+01 5.220000000000000000e+02 4.700000000000000000e+01
1.619934082031250000e+01 5.220000000000000000e+02 4.700000000000000000e+01
1.647949218750000000e+01 5.220000000000000000e+02 4.700000000000000000e+01
1.677612304687500000e+01 5.220000000000000000e+02 4.700000000000000000e+01
1.706176757812500000e+01 5.220000000000000000e+02 4.700000000000000000e+01
1.734191894531250000e+01 5.220000000000000000e+02 4.700000000000000000e+01
1.763854980468750000e+01 5.220000000000000000e+02 4.700000000000000000e+01
2.071472167968750000e+01 5.240000000000000000e+02 4.700000000000000000e+01
2.101135253906250000e+01 5.260000000000000000e+02 4.700000000000000000e+01
2.129150390625000000e+01 5.240000000000000000e+02 4.700000000000000000e+01
2.157714843750000000e+01 5.240000000000000000e+02 4.700000000000000000e+01
2.185729980468750000e+01 5.240000000000000000e+02 4.700000000000000000e+01
2.215393066406250000e+01 5.260000000000000000e+02 4.700000000000000000e+01
2.243408203125000000e+01 5.240000000000000000e+02 4.700000000000000000e+01
2.271423339843750000e+01 5.240000000000000000e+02 4.700000000000000000e+01
2.301086425781250000e+01 5.260000000000000000e+02 4.700000000000000000e+01
2.329650878906250000e+01 5.260000000000000000e+02 4.700000000000000000e+01
2.357666015625000000e+01 5.280000000000000000e+02 4.700000000000000000e+01
2.387329101562500000e+01 5.280000000000000000e+02 4.700000000000000000e+01
2.415344238281250000e+01 5.280000000000000000e+02 4.700000000000000000e+01
2.443359375000000000e+01 5.280000000000000000e+02 4.700000000000000000e+01
2.473022460937500000e+01 5.280000000000000000e+02 4.700000000000000000e+01
2.501037597656250000e+01 5.300000000000000000e+02 4.700000000000000000e+01
2.529602050781250000e+01 5.300000000000000000e+02 4.700000000000000000e+01
2.557617187500000000e+01 5.300000000000000000e+02 4.700000000000000000e+01
2.587280273437500000e+01 5.300000000000000000e+02 4.700000000000000000e+01
2.615295410156250000e+01 5.320000000000000000e+02 4.700000000000000000e+01
2.701538085937500000e+01 5.340000000000000000e+02 4.700000000000000000e+01
5.079528808593750000e+01 1.990000000000000000e+02 4.700000000000000000e+01
5.113586425781250000e+01 1.970000000000000000e+02 4.700000000000000000e+01
5.152587890625000000e+01 1.950000000000000000e+02 4.700000000000000000e+01
5.182800292968750000e+01 1.940000000000000000e+02 4.700000000000000000e+01
5.215209960937500000e+01 1.930000000000000000e+02 4.700000000000000000e+01
5.307495117187500000e+01 1.910000000000000000e+02 4.700000000000000000e+01
5.404174804687500000e+01 1.880000000000000000e+02 4.700000000000000000e+01
5.444824218750000000e+01 1.860000000000000000e+02 4.700000000000000000e+01
5.473388671875000000e+01 1.850000000000000000e+02 4.700000000000000000e+01
5.507446289062500000e+01 1.840000000000000000e+02 4.700000000000000000e+01
7.499816894531250000e+01 8.400000000000000000e+02 4.700000000000000000e+01
7.527832031250000000e+01 8.360000000000000000e+02 4.700000000000000000e+01
7.555847167968750000e+01 8.300000000000000000e+02 4.700000000000000000e+01
7.583862304687500000e+01 8.300000000000000000e+02 4.700000000000000000e+01
7.613525390625000000e+01 8.280000000000000000e+02 4.700000000000000000e+01
7.642089843750000000e+01 8.260000000000000000e+02 4.700000000000000000e+01
7.670104980468750000e+01 8.280000000000000000e+02 4.700000000000000000e+01
7.698120117187500000e+01 8.280000000000000000e+02 4.700000000000000000e+01
7.727783203125000000e+01 8.300000000000000000e+02 4.700000000000000000e+01
7.755798339843750000e+01 8.340000000000000000e+02 4.700000000000000000e+01
7.842041015625000000e+01 8.400000000000000000e+02 4.700000000000000000e+01
8.327636718750000000e+01 1.754000000000000000e+03 4.700000000000000000e+01
8.356201171875000000e+01 1.752000000000000000e+03 4.700000000000000000e+01
8.384216308593750000e+01 1.750000000000000000e+03 4.700000000000000000e+01
8.413879394531250000e+01 1.746000000000000000e+03 4.700000000000000000e+01
8.441894531250000000e+01 1.744000000000000000e+03 4.700000000000000000e+01
8.469909667968750000e+01 1.740000000000000000e+03 4.700000000000000000e+01
8.497924804687500000e+01 1.738000000000000000e+03 4.700000000000000000e+01
8.527587890625000000e+01 1.736000000000000000e+03 4.700000000000000000e+01
8.556152343750000000e+01 1.730000000000000000e+03 4.700000000000000000e+01
8.584167480468750000e+01 1.728000000000000000e+03 4.700000000000000000e+01
8.612182617187500000e+01 1.726000000000000000e+03 4.700000000000000000e+01
8.641845703125000000e+01 1.722000000000000000e+03 4.700000000000000000e+01
8.669860839843750000e+01 1.720000000000000000e+03 4.700000000000000000e+01
8.698425292968750000e+01 1.718000000000000000e+03 4.700000000000000000e+01
8.726440429687500000e+01 1.714000000000000000e+03 4.700000000000000000e+01
8.756103515625000000e+01 1.710000000000000000e+03 4.700000000000000000e+01
8.784118652343750000e+01 1.704000000000000000e+03 4.700000000000000000e+01
8.812133789062500000e+01 1.702000000000000000e+03 4.700000000000000000e+01
8.840148925781250000e+01 1.704000000000000000e+03 4.700000000000000000e+01
8.869812011718750000e+01 1.702000000000000000e+03 4.700000000000000000e+01
8.898376464843750000e+01 1.698000000000000000e+03 4.700000000000000000e+01
8.926391601562500000e+01 1.698000000000000000e+03 4.700000000000000000e+01
8.954406738281250000e+01 1.696000000000000000e+03 4.700000000000000000e+01
8.984069824218750000e+01 1.696000000000000000e+03 4.700000000000000000e+01
9.012084960937500000e+01 1.694000000000000000e+03 4.700000000000000000e+01
9.040100097656250000e+01 1.690000000000000000e+03 4.700000000000000000e+01
9.068664550781250000e+01 1.692000000000000000e+03 4.700000000000000000e+01
9.098327636718750000e+01 1.690000000000000000e+03 4.700000000000000000e+01
9.126342773437500000e+01 1.684000000000000000e+03 4.700000000000000000e+01
9.154357910156250000e+01 1.686000000000000000e+03 4.700000000000000000e+01
9.182373046875000000e+01 1.684000000000000000e+03 4.700000000000000000e+01
9.212036132812500000e+01 1.676000000000000000e+03 4.700000000000000000e+01
9.240600585937500000e+01 1.672000000000000000e+03 4.700000000000000000e+01
9.268615722656250000e+01 1.672000000000000000e+03 4.700000000000000000e+01
9.296630859375000000e+01 1.670000000000000000e+03 4.700000000000000000e+01
9.326293945312500000e+01 1.668000000000000000e+03 4.700000000000000000e+01
9.354309082031250000e+01 1.672000000000000000e+03 4.700000000000000000e+01
9.382324218750000000e+01 1.668000000000000000e+03 4.700000000000000000e+01
9.410888671875000000e+01 1.662000000000000000e+03 4.700000000000000000e+01
9.440551757812500000e+01 1.664000000000000000e+03 4.700000000000000000e+01
9.468566894531250000e+01 1.666000000000000000e+03 4.700000000000000000e+01
9.496582031250000000e+01 1.666000000000000000e+03 4.700000000000000000e+01
9.524597167968750000e+01 1.662000000000000000e+03 4.700000000000000000e+01
9.554260253906250000e+01 1.660000000000000000e+03 4.700000000000000000e+01
9.582275390625000000e+01 1.658000000000000000e+03 4.700000000000000000e+01
9.610839843750000000e+01 1.658000000000000000e+03 4.700000000000000000e+01
9.638854980468750000e+01 1.658000000000000000e+03 4.700000000000000000e+01
9.668518066406250000e+01 1.654000000000000000e+03 4.700000000000000000e+01
9.696533203125000000e+01 1.656000000000000000e+03 4.700000000000000000e+01
9.724548339843750000e+01 1.654000000000000000e+03 4.700000000000000000e+01
9.753112792968750000e+01 1.654000000000000000e+03 4.700000000000000000e+01
9.782775878906250000e+01 1.656000000000000000e+03 4.700000000000000000e+01
9.810791015625000000e+01 1.650000000000000000e+03 4.700000000000000000e+01
9.838806152343750000e+01 1.648000000000000000e+03 4.700000000000000000e+01
9.866821289062500000e+01 1.650000000000000000e+03 4.700000000000000000e+01
9.896484375000000000e+01 1.652000000000000000e+03 4.700000000000000000e+01
9.924499511718750000e+01 1.652000000000000000e+03 4.700000000000000000e+01
9.953063964843750000e+01 1.652000000000000000e+03 4.700000000000000000e+01
9.981079101562500000e+01 1.652000000000000000e+03 4.700000000000000000e+01
1.001074218750000000e+02 1.648000000000000000e+03 4.700000000000000000e+01
1.003875732421875000e+02 1.646000000000000000e+03 4.700000000000000000e+01
1.006677246093750000e+02 1.650000000000000000e+03 4.700000000000000000e+01
1.009478759765625000e+02 1.650000000000000000e+03 4.700000000000000000e+01
1.012500000000000000e+02 1.648000000000000000e+03 4.700000000000000000e+01
1.015301513671875000e+02 1.644000000000000000e+03 4.700000000000000000e+01
1.018103027343750000e+02 1.646000000000000000e+03 4.700000000000000000e+01
1.020904541015625000e+02 1.646000000000000000e+03 4.700000000000000000e+01
1.023870849609375000e+02 1.644000000000000000e+03 4.700000000000000000e+01
1.026672363281250000e+02 1.646000000000000000e+03 4.700000000000000000e+01
1.029528808593750000e+02 1.646000000000000000e+03 4.700000000000000000e+01
1.032330322265625000e+02 1.646000000000000000e+03 4.700000000000000000e+01
1.035296630859375000e+02 1.644000000000000000e+03 4.700000000000000000e+01
1.038098144531250000e+02 1.644000000000000000e+03 4.700000000000000000e+01
1.040899658203125000e+02 1.644000000000000000e+03 4.700000000000000000e+01
1.043701171875000000e+02 1.646000000000000000e+03 4.700000000000000000e+01
1.046667480468750000e+02 1.648000000000000000e+03 4.700000000000000000e+01
1.049523925781250000e+02 1.646000000000000000e+03 4.700000000000000000e+01
1.052325439453125000e+02 1.648000000000000000e+03 4.700000000000000000e+01
1.055126953125000000e+02 1.646000000000000000e+03 4.700000000000000000e+01
1.058093261718750000e+02 1.648000000000000000e+03 4.700000000000000000e+01
1.060894775390625000e+02 1.648000000000000000e+03 4.700000000000000000e+01
1.063696289062500000e+02 1.650000000000000000e+03 4.700000000000000000e+01
1.066552734375000000e+02 1.650000000000000000e+03 4.700000000000000000e+01
1.069519042968750000e+02 1.648000000000000000e+03 4.700000000000000000e+01
1.072320556640625000e+02 1.648000000000000000e+03 4.700000000000000000e+01
1.075122070312500000e+02 1.648000000000000000e+03 4.700000000000000000e+01
1.077923583984375000e+02 1.650000000000000000e+03 4.700000000000000000e+01
1.080889892578125000e+02 1.652000000000000000e+03 4.700000000000000000e+01
1.083746337890625000e+02 1.654000000000000000e+03 4.700000000000000000e+01
1.086547851562500000e+02 1.656000000000000000e+03 4.700000000000000000e+01
1.089349365234375000e+02 1.652000000000000000e+03 4.700000000000000000e+01
1.092315673828125000e+02 1.650000000000000000e+03 4.700000000000000000e+01
1.095117187500000000e+02 1.654000000000000000e+03 4.700000000000000000e+01
1.097918701171875000e+02 1.656000000000000000e+03 4.700000000000000000e+01
1.100775146484375000e+02 1.660000000000000000e+03 4.700000000000000000e+01
1.103741455078125000e+02 1.660000000000000000e+03 4.700000000000000000e+01
1.106542968750000000e+02 1.658000000000000000e+03 4.700000000000000000e+01
1.109344482421875000e+02 1.658000000000000000e+03 4.700000000000000000e+01
1.112145996093750000e+02 1.660000000000000000e+03 4.700000000000000000e+01
1.115112304687500000e+02 1.662000000000000000e+03 4.700000000000000000e+01
1.117968750000000000e+02 1.662000000000000000e+03 4.700000000000000000e+01
1.120770263671875000e+02 1.660000000000000000e+03 4.700000000000000000e+01
1.123571777343750000e+02 1.662000000000000000e+03 4.700000000000000000e+01
1.126538085937500000e+02 1.666000000000000000e+03 4.700000000000000000e+01
1.129339599609375000e+02 1.664000000000000000e+03 4.700000000000000000e+01
1.132141113281250000e+02 1.668000000000000000e+03 4.700000000000000000e+01
1.134997558593750000e+02 1.672000000000000000e+03 4.700000000000000000e+01
1.137963867187500000e+02 1.672000000000000000e+03 4.700000000000000000e+01
1.140765380859375000e+02 1.674000000000000000e+03 4.700000000000000000e+01
1.143566894531250000e+02 1.672000000000000000e+03 4.700000000000000000e+01
1.146368408203125000e+02 1.674000000000000000e+03 4.700000000000000000e+01
1.149334716796875000e+02 1.678000000000000000e+03 4.700000000000000000e+01
1.152136230468750000e+02 1.680000000000000000e+03 4.700000000000000000e+01
1.154992675781250000e+02 1.682000000000000000e+03 4.700000000000000000e+01
1.157794189453125000e+02 1.682000000000000000e+03 4.700000000000000000e+01
1.160760498046875000e+02 1.688000000000000000e+03 4.700000000000000000e+01
1.163562011718750000e+02 1.694000000000000000e+03 4.700000000000000000e+01
1.166363525390625000e+02 1.694000000000000000e+03 4.700000000000000000e+01
1.169165039062500000e+02 1.692000000000000000e+03 4.700000000000000000e+01
1.172186279296875000e+02 1.698000000000000000e+03 4.700000000000000000e+01
1.174987792968750000e+02 1.700000000000000000e+03 4.700000000000000000e+01
1.177789306640625000e+02 1.700000000000000000e+03 4.700000000000000000e+01
1.180590820312500000e+02 1.700000000000000000e+03 4.700000000000000000e+01
1.183557128906250000e+02 1.704000000000000000e+03 4.700000000000000000e+01
1.186358642578125000e+02 1.708000000000000000e+03 4.700000000000000000e+01
1.189215087890625000e+02 1.714000000000000000e+03 4.700000000000000000e+01
1.192016601562500000e+02 1.716000000000000000e+03 4.700000000000000000e+01
1.194982910156250000e+02 1.716000000000000000e+03 4.700000000000000000e+01
1.197784423828125000e+02 1.720000000000000000e+03 4.700000000000000000e+01
1.200585937500000000e+02 1.720000000000000000e+03 4.700000000000000000e+01
1.203387451171875000e+02 1.722000000000000000e+03 4.700000000000000000e+01
1.206353759765625000e+02 1.726000000000000000e+03 4.700000000000000000e+01
1.209210205078125000e+02 1.730000000000000000e+03 4.700000000000000000e+01
1.212011718750000000e+02 1.732000000000000000e+03 4.700000000000000000e+01
1.214813232421875000e+02 1.734000000000000000e+03 4.700000000000000000e+01
1.217779541015625000e+02 1.736000000000000000e+03 4.700000000000000000e+01
1.220581054687500000e+02 1.742000000000000000e+03 4.700000000000000000e+01
1.223437500000000000e+02 1.744000000000000000e+03 4.700000000000000000e+01
1.226239013671875000e+02 1.744000000000000000e+03 4.700000000000000000e+01
1.229205322265625000e+02 1.748000000000000000e+03 4.700000000000000000e+01
1.232006835937500000e+02 1.750000000000000000e+03 4.700000000000000000e+01
1.234808349609375000e+02 1.752000000000000000e+03 4.700000000000000000e+01
1.237774658203125000e+02 1.754000000000000000e+03 4.700000000000000000e+01
1.240576171875000000e+02 1.756000000000000000e+03 4.700000000000000000e+01
1.242938232421875000e+02 1.758000000000000000e+03 4.700000000000000000e+01
1.245739746093750000e+02 1.760000000000000000e+03 4.700000000000000000e+01
1.248541259765625000e+02 1.766000000000000000e+03 4.700000000000000000e+01
1.251397705078125000e+02 1.770000000000000000e+03 4.700000000000000000e+01
1.254364013671875000e+02 1.774000000000000000e+03 4.700000000000000000e+01
1.257165527343750000e+02 1.778000000000000000e+03 4.700000000000000000e+01
1.259967041015625000e+02 1.782000000000000000e+03 4.700000000000000000e+01
1.262933349609375000e+02 1.786000000000000000e+03 4.700000000000000000e+01
1.265734863281250000e+02 1.786000000000000000e+03 4.700000000000000000e+01
1.268591308593750000e+02 1.792000000000000000e+03 4.700000000000000000e+01
1.271392822265625000e+02 1.798000000000000000e+03 4.700000000000000000e+01
1.274359130859375000e+02 1.802000000000000000e+03 4.700000000000000000e+01
1.277160644531250000e+02 1.804000000000000000e+03 4.700000000000000000e+01
1.279962158203125000e+02 1.808000000000000000e+03 4.700000000000000000e+01
1.282928466796875000e+02 1.810000000000000000e+03 4.700000000000000000e+01
1.285729980468750000e+02 1.810000000000000000e+03 4.700000000000000000e+01
1.288586425781250000e+02 1.814000000000000000e+03 4.700000000000000000e+01
1.291387939453125000e+02 1.822000000000000000e+03 4.700000000000000000e+01
1.294354248046875000e+02 1.828000000000000000e+03 4.700000000000000000e+01
1.297155761718750000e+02 1.836000000000000000e+03 4.700000000000000000e+01
1.299957275390625000e+02 1.842000000000000000e+03 4.700000000000000000e+01
1.302923583984375000e+02 1.848000000000000000e+03 4.700000000000000000e+01
1.305780029296875000e+02 1.854000000000000000e+03 4.700000000000000000e+01
1.308581542968750000e+02 1.856000000000000000e+03 4.700000000000000000e+01
1.311547851562500000e+02 1.862000000000000000e+03 4.700000000000000000e+01
1.314349365234375000e+02 1.866000000000000000e+03 4.700000000000000000e+01
1.317150878906250000e+02 1.870000000000000000e+03 4.700000000000000000e+01
1.319952392578125000e+02 1.876000000000000000e+03 4.700000000000000000e+01
1.322918701171875000e+02 1.878000000000000000e+03 4.700000000000000000e+01
1.325775146484375000e+02 1.882000000000000000e+03 4.700000000000000000e+01
1.328576660156250000e+02 1.888000000000000000e+03 4.700000000000000000e+01
1.330883789062500000e+02 1.896000000000000000e+03 4.700000000000000000e+01
1.333740234375000000e+02 1.900000000000000000e+03 4.700000000000000000e+01
1.336706542968750000e+02 1.906000000000000000e+03 4.700000000000000000e+01
1.339508056640625000e+02 1.912000000000000000e+03 4.700000000000000000e+01
1.342309570312500000e+02 1.918000000000000000e+03 4.700000000000000000e+01
1.345111083984375000e+02 1.924000000000000000e+03 4.700000000000000000e+01
1.348077392578125000e+02 1.928000000000000000e+03 4.700000000000000000e+01
1.350933837890625000e+02 1.936000000000000000e+03 4.700000000000000000e+01
1.361041259765625000e+02 1.210000000000000000e+03 4.700000000000000000e+01
1.364062500000000000e+02 1.184000000000000000e+03 4.700000000000000000e+01
1.366864013671875000e+02 1.176000000000000000e+03 4.700000000000000000e+01
1.370269775390625000e+02 1.170000000000000000e+03 4.700000000000000000e+01
1.373071289062500000e+02 1.166000000000000000e+03 4.700000000000000000e+01
1.375927734375000000e+02 1.162000000000000000e+03 4.700000000000000000e+01
1.378894042968750000e+02 1.160000000000000000e+03 4.700000000000000000e+01
1.381695556640625000e+02 1.160000000000000000e+03 4.700000000000000000e+01
1.387298583984375000e+02 1.148000000000000000e+03 4.700000000000000000e+01
1.391857910156250000e+02 1.022000000000000000e+03 4.700000000000000000e+01
1.394824218750000000e+02 1.020000000000000000e+03 4.700000000000000000e+01
1.397625732421875000e+02 1.014000000000000000e+03 4.700000000000000000e+01
1.400427246093750000e+02 1.008000000000000000e+03 4.700000000000000000e+01
1.403393554687500000e+02 1.004000000000000000e+03 4.700000000000000000e+01
1.406250000000000000e+02 1.002000000000000000e+03 4.700000000000000000e+01
1.409051513671875000e+02 1.000000000000000000e+03 4.700000000000000000e+01
1.412017822265625000e+02 9.980000000000000000e+02 4.700000000000000000e+01
1.414819335937500000e+02 9.980000000000000000e+02 4.700000000000000000e+01
1.417620849609375000e+02 9.980000000000000000e+02 4.700000000000000000e+01
1.420422363281250000e+02 9.980000000000000000e+02 4.700000000000000000e+01
1.423388671875000000e+02 9.980000000000000000e+02 4.700000000000000000e+01
1.426245117187500000e+02 1.000000000000000000e+03 4.700000000000000000e+01
1.429046630859375000e+02 1.002000000000000000e+03 4.700000000000000000e+01
1.432012939453125000e+02 1.006000000000000000e+03 4.700000000000000000e+01
1.434814453125000000e+02 1.020000000000000000e+03 4.700000000000000000e+01
1.439373779296875000e+02 1.110000000000000000e+03 4.700000000000000000e+01
1.442340087890625000e+02 1.108000000000000000e+03 4.700000000000000000e+01
1.445141601562500000e+02 1.108000000000000000e+03 4.700000000000000000e+01
1.447943115234375000e+02 1.108000000000000000e+03 4.700000000000000000e+01
1.450744628906250000e+02 1.108000000000000000e+03 4.700000000000000000e+01
1.453710937500000000e+02 1.114000000000000000e+03 4.700000000000000000e+01
1.455908203125000000e+02 1.120000000000000000e+03 4.700000000000000000e+01
1.458874511718750000e+02 1.122000000000000000e+03 4.700000000000000000e+01
1.461676025390625000e+02 1.126000000000000000e+03 4.700000000000000000e+01
1.464477539062500000e+02 1.132000000000000000e+03 4.700000000000000000e+01
1.467498779296875000e+02 1.136000000000000000e+03 4.700000000000000000e+01
1.470300292968750000e+02 1.140000000000000000e+03 4.700000000000000000e+01
1.473101806640625000e+02 1.146000000000000000e+03 4.700000000000000000e+01
1.475903320312500000e+02 1.154000000000000000e+03 4.700000000000000000e+01
1.481066894531250000e+02 1.212000000000000000e+03 4.700000000000000000e+01
1.483428955078125000e+02 1.230000000000000000e+03 4.700000000000000000e+01
1.486230468750000000e+02 1.236000000000000000e+03 4.700000000000000000e+01
1.489196777343750000e+02 1.236000000000000000e+03 4.700000000000000000e+01
1.491998291015625000e+02 1.248000000000000000e+03 4.700000000000000000e+01
1.494799804687500000e+02 1.262000000000000000e+03 4.700000000000000000e+01
1.497766113281250000e+02 1.284000000000000000e+03 4.700000000000000000e+01
1.509796142578125000e+02 2.420000000000000000e+03 4.700000000000000000e+01
1.512762451171875000e+02 2.428000000000000000e+03 4.700000000000000000e+01
1.515618896484375000e+02 2.440000000000000000e+03 4.700000000000000000e+01
1.518420410156250000e+02 2.456000000000000000e+03 4.700000000000000000e+01
1.520727539062500000e+02 2.476000000000000000e+03 4.700000000000000000e+01
1.523583984375000000e+02 2.492000000000000000e+03 4.700000000000000000e+01
1.526550292968750000e+02 2.504000000000000000e+03 4.700000000000000000e+01
1.529351806640625000e+02 2.516000000000000000e+03 4.700000000000000000e+01
1.532153320312500000e+02 2.524000000000000000e+03 4.700000000000000000e+01
1.535119628906250000e+02 2.536000000000000000e+03 4.700000000000000000e+01
1.537921142578125000e+02 2.556000000000000000e+03 4.700000000000000000e+01
1.540777587890625000e+02 2.568000000000000000e+03 4.700000000000000000e+01
1.543579101562500000e+02 2.588000000000000000e+03 4.700000000000000000e+01
1.546545410156250000e+02 2.608000000000000000e+03 4.700000000000000000e+01
1.549346923828125000e+02 2.624000000000000000e+03 4.700000000000000000e+01
1.552148437500000000e+02 2.636000000000000000e+03 4.700000000000000000e+01
1.555114746093750000e+02 2.648000000000000000e+03 4.700000000000000000e+01
1.557916259765625000e+02 2.664000000000000000e+03 4.700000000000000000e+01
1.560772705078125000e+02 2.680000000000000000e+03 4.700000000000000000e+01
1.563739013671875000e+02 2.704000000000000000e+03 4.700000000000000000e+01
1.566540527343750000e+02 2.728000000000000000e+03 4.700000000000000000e+01
1.568902587890625000e+02 2.752000000000000000e+03 4.700000000000000000e+01
1.571704101562500000e+02 2.772000000000000000e+03 4.700000000000000000e+01
1.574505615234375000e+02 2.788000000000000000e+03 4.700000000000000000e+01
1.577471923828125000e+02 2.804000000000000000e+03 4.700000000000000000e+01
1.580273437500000000e+02 2.828000000000000000e+03 4.700000000000000000e+01
1.583074951171875000e+02 2.852000000000000000e+03 4.700000000000000000e+01
1.586041259765625000e+02 2.876000000000000000e+03 4.700000000000000000e+01
1.588897705078125000e+02 2.904000000000000000e+03 4.700000000000000000e+01
1.591699218750000000e+02 2.924000000000000000e+03 4.700000000000000000e+01
1.594500732421875000e+02 2.940000000000000000e+03 4.700000000000000000e+01
1.597467041015625000e+02 2.952000000000000000e+03 4.700000000000000000e+01
1.600268554687500000e+02 2.980000000000000000e+03 4.700000000000000000e+01
1.603125000000000000e+02 3.008000000000000000e+03 4.700000000000000000e+01
1.606091308593750000e+02 3.036000000000000000e+03 4.700000000000000000e+01
1.608892822265625000e+02 3.064000000000000000e+03 4.700000000000000000e+01
1.611199951171875000e+02 3.084000000000000000e+03 4.700000000000000000e+01
1.614056396484375000e+02 3.104000000000000000e+03 4.700000000000000000e+01
1.616857910156250000e+02 3.120000000000000000e+03 4.700000000000000000e+01
1.619824218750000000e+02 3.156000000000000000e+03 4.700000000000000000e+01
1.622625732421875000e+02 3.192000000000000000e+03 4.700000000000000000e+01
1.625427246093750000e+02 3.220000000000000000e+03 4.700000000000000000e+01
1.628393554687500000e+02 3.248000000000000000e+03 4.700000000000000000e+01
1.631250000000000000e+02 3.268000000000000000e+03 4.700000000000000000e+01
1.634051513671875000e+02 3.296000000000000000e+03 4.700000000000000000e+01
1.637017822265625000e+02 3.328000000000000000e+03 4.700000000000000000e+01
1.639819335937500000e+02 3.356000000000000000e+03 4.700000000000000000e+01
1.642620849609375000e+02 3.388000000000000000e+03 4.700000000000000000e+01
1.645587158203125000e+02 3.416000000000000000e+03 4.700000000000000000e+01
1.648388671875000000e+02 3.452000000000000000e+03 4.700000000000000000e+01
1.651245117187500000e+02 3.480000000000000000e+03 4.700000000000000000e+01
1.654046630859375000e+02 3.508000000000000000e+03 4.700000000000000000e+01
1.656353759765625000e+02 3.540000000000000000e+03 4.700000000000000000e+01
1.659375000000000000e+02 3.580000000000000000e+03 4.700000000000000000e+01
1.662176513671875000e+02 3.628000000000000000e+03 4.700000000000000000e+01
1.664978027343750000e+02 3.664000000000000000e+03 4.700000000000000000e+01
1.667779541015625000e+02 3.668000000000000000e+03 4.700000000000000000e+01
1.670745849609375000e+02 3.636000000000000000e+03 4.700000000000000000e+01
1.673547363281250000e+02 3.624000000000000000e+03 4.700000000000000000e+01
1.676403808593750000e+02 3.664000000000000000e+03 4.700000000000000000e+01
1.679370117187500000e+02 3.704000000000000000e+03 4.700000000000000000e+01
1.682171630859375000e+02 3.716000000000000000e+03 4.700000000000000000e+01
1.684973144531250000e+02 3.724000000000000000e+03 4.700000000000000000e+01
1.687939453125000000e+02 3.732000000000000000e+03 4.700000000000000000e+01
1.690740966796875000e+02 3.748000000000000000e+03 4.700000000000000000e+01
1.693542480468750000e+02 3.748000000000000000e+03 4.700000000000000000e+01
1.696508789062500000e+02 3.752000000000000000e+03 4.700000000000000000e+01
1.699365234375000000e+02 3.756000000000000000e+03 4.700000000000000000e+01
1.702166748046875000e+02 3.760000000000000000e+03 4.700000000000000000e+01
1.705133056640625000e+02 3.772000000000000000e+03 4.700000000000000000e+01
1.707934570312500000e+02 3.788000000000000000e+03 4.700000000000000000e+01
1.710736083984375000e+02 3.796000000000000000e+03 4.700000000000000000e+01
1.713592529296875000e+02 3.796000000000000000e+03 4.700000000000000000e+01
1.716558837890625000e+02 3.800000000000000000e+03 4.700000000000000000e+01
1.719360351562500000e+02 3.808000000000000000e+03 4.700000000000000000e+01
1.722161865234375000e+02 3.824000000000000000e+03 4.700000000000000000e+01
1.725128173828125000e+02 3.828000000000000000e+03 4.700000000000000000e+01
1.727929687500000000e+02 3.820000000000000000e+03 4.700000000000000000e+01
1.730731201171875000e+02 3.820000000000000000e+03 4.700000000000000000e+01
1.733697509765625000e+02 3.824000000000000000e+03 4.700000000000000000e+01
1.736553955078125000e+02 3.832000000000000000e+03 4.700000000000000000e+01
1.739355468750000000e+02 3.836000000000000000e+03 4.700000000000000000e+01
1.742321777343750000e+02 3.844000000000000000e+03 4.700000000000000000e+01
1.745123291015625000e+02 3.856000000000000000e+03 4.700000000000000000e+01
1.747924804687500000e+02 3.860000000000000000e+03 4.700000000000000000e+01
1.750891113281250000e+02 3.872000000000000000e+03 4.700000000000000000e+01
1.753747558593750000e+02 3.876000000000000000e+03 4.700000000000000000e+01
1.756549072265625000e+02 3.884000000000000000e+03 4.700000000000000000e+01
1.759350585937500000e+02 3.900000000000000000e+03 4.700000000000000000e+01
1.762316894531250000e+02 3.904000000000000000e+03 4.700000000000000000e+01
1.765118408203125000e+02 3.908000000000000000e+03 4.700000000000000000e+01
1.767919921875000000e+02 3.912000000000000000e+03 4.700000000000000000e+01
1.770886230468750000e+02 3.912000000000000000e+03 4.700000000000000000e+01
1.773742675781250000e+02 3.936000000000000000e+03 4.700000000000000000e+01
1.776544189453125000e+02 3.952000000000000000e+03 4.700000000000000000e+01
1.779510498046875000e+02 3.956000000000000000e+03 4.700000000000000000e+01
1.782312011718750000e+02 3.960000000000000000e+03 4.700000000000000000e+01
1.785113525390625000e+02 3.980000000000000000e+03 4.700000000000000000e+01
1.787915039062500000e+02 4.000000000000000000e+03 4.700000000000000000e+01
1.790936279296875000e+02 4.012000000000000000e+03 4.700000000000000000e+01
1.793737792968750000e+02 4.036000000000000000e+03 4.700000000000000000e+01
1.796539306640625000e+02 4.032000000000000000e+03 4.700000000000000000e+01
1.799340820312500000e+02 4.020000000000000000e+03 4.700000000000000000e+01
1.802307128906250000e+02 4.024000000000000000e+03 4.700000000000000000e+01
1.805108642578125000e+02 4.044000000000000000e+03 4.700000000000000000e+01
1.807965087890625000e+02 4.048000000000000000e+03 4.700000000000000000e+01
1.810931396484375000e+02 4.056000000000000000e+03 4.700000000000000000e+01
1.813732910156250000e+02 4.060000000000000000e+03 4.700000000000000000e+01
1.816534423828125000e+02 4.084000000000000000e+03 4.700000000000000000e+01
1.818896484375000000e+02 4.128000000000000000e+03 4.700000000000000000e+01
1.821697998046875000e+02 4.136000000000000000e+03 4.700000000000000000e+01
1.824499511718750000e+02 4.128000000000000000e+03 4.700000000000000000e+01
1.827465820312500000e+02 4.112000000000000000e+03 4.700000000000000000e+01
1.830267333984375000e+02 4.104000000000000000e+03 4.700000000000000000e+01
1.833123779296875000e+02 4.104000000000000000e+03 4.700000000000000000e+01
1.835925292968750000e+02 4.104000000000000000e+03 4.700000000000000000e+01
1.839331054687500000e+02 4.096000000000000000e+03 4.700000000000000000e+01
1.842297363281250000e+02 4.088000000000000000e+03 4.700000000000000000e+01
1.845153808593750000e+02 4.088000000000000000e+03 4.700000000000000000e+01
1.847955322265625000e+02 4.080000000000000000e+03 4.700000000000000000e+01
1.850756835937500000e+02 4.080000000000000000e+03 4.700000000000000000e+01
1.853723144531250000e+02 4.080000000000000000e+03 4.700000000000000000e+01
1.856524658203125000e+02 4.072000000000000000e+03 4.700000000000000000e+01
1.859326171875000000e+02 4.068000000000000000e+03 4.700000000000000000e+01
1.862182617187500000e+02 4.064000000000000000e+03 4.700000000000000000e+01
1.865148925781250000e+02 4.072000000000000000e+03 4.700000000000000000e+01
1.867950439453125000e+02 4.064000000000000000e+03 4.700000000000000000e+01
1.870751953125000000e+02 4.048000000000000000e+03 4.700000000000000000e+01
1.873553466796875000e+02 4.040000000000000000e+03 4.700000000000000000e+01
1.876519775390625000e+02 4.020000000000000000e+03 4.700000000000000000e+01
1.879321289062500000e+02 4.024000000000000000e+03 4.700000000000000000e+01
1.882177734375000000e+02 4.032000000000000000e+03 4.700000000000000000e+01
1.885144042968750000e+02 4.024000000000000000e+03 4.700000000000000000e+01
1.887945556640625000e+02 4.028000000000000000e+03 4.700000000000000000e+01
1.890747070312500000e+02 4.048000000000000000e+03 4.700000000000000000e+01
1.893548583984375000e+02 4.076000000000000000e+03 4.700000000000000000e+01
1.895910644531250000e+02 4.140000000000000000e+03 4.700000000000000000e+01
1.901678466796875000e+02 4.208000000000000000e+03 4.700000000000000000e+01
1.904479980468750000e+02 4.464000000000000000e+03 4.700000000000000000e+01
1.910137939453125000e+02 4.576000000000000000e+03 4.700000000000000000e+01
1.918267822265625000e+02 4.976000000000000000e+03 4.700000000000000000e+01
1.925573730468750000e+02 8.712000000000000000e+03 4.700000000000000000e+01
1.928540039062500000e+02 8.680000000000000000e+03 4.700000000000000000e+01
1.931396484375000000e+02 8.672000000000000000e+03 4.700000000000000000e+01
1.934197998046875000e+02 8.656000000000000000e+03 4.700000000000000000e+01
1.936999511718750000e+02 8.672000000000000000e+03 4.700000000000000000e+01
1.939965820312500000e+02 8.680000000000000000e+03 4.700000000000000000e+01
1.942767333984375000e+02 8.672000000000000000e+03 4.700000000000000000e+01
1.945623779296875000e+02 8.656000000000000000e+03 4.700000000000000000e+01
1.948425292968750000e+02 8.632000000000000000e+03 4.700000000000000000e+01
1.951391601562500000e+02 8.664000000000000000e+03 4.700000000000000000e+01
1.954193115234375000e+02 8.632000000000000000e+03 4.700000000000000000e+01
1.956994628906250000e+02 8.624000000000000000e+03 4.700000000000000000e+01
1.959960937500000000e+02 8.664000000000000000e+03 4.700000000000000000e+01
1.962762451171875000e+02 8.664000000000000000e+03 4.700000000000000000e+01
1.965618896484375000e+02 8.680000000000000000e+03 4.700000000000000000e+01
1.968420410156250000e+02 8.696000000000000000e+03 4.700000000000000000e+01
1.971386718750000000e+02 8.688000000000000000e+03 4.700000000000000000e+01
1.974188232421875000e+02 8.672000000000000000e+03 4.700000000000000000e+01
1.976989746093750000e+02 8.688000000000000000e+03 4.700000000000000000e+01
1.979791259765625000e+02 8.696000000000000000e+03 4.700000000000000000e+01
1.982812500000000000e+02 8.696000000000000000e+03 4.700000000000000000e+01
1.985614013671875000e+02 8.696000000000000000e+03 4.700000000000000000e+01
1.988415527343750000e+02 8.696000000000000000e+03 4.700000000000000000e+01
1.991381835937500000e+02 8.688000000000000000e+03 4.700000000000000000e+01
1.994183349609375000e+02 8.664000000000000000e+03 4.700000000000000000e+01
1.996984863281250000e+02 8.656000000000000000e+03 4.700000000000000000e+01
1.999841308593750000e+02 8.680000000000000000e+03 4.700000000000000000e+01
2.002807617187500000e+02 8.720000000000000000e+03 4.700000000000000000e+01
2.005609130859375000e+02 8.720000000000000000e+03 4.700000000000000000e+01
2.008410644531250000e+02 8.728000000000000000e+03 4.700000000000000000e+01
2.011212158203125000e+02 8.744000000000000000e+03 4.700000000000000000e+01
2.014178466796875000e+02 8.768000000000000000e+03 4.700000000000000000e+01
2.019836425781250000e+02 8.792000000000000000e+03 4.700000000000000000e+01
2.027801513671875000e+02 4.052000000000000000e+03 4.700000000000000000e+01
2.030603027343750000e+02 4.048000000000000000e+03 4.700000000000000000e+01
2.033569335937500000e+02 4.044000000000000000e+03 4.700000000000000000e+01
2.036370849609375000e+02 4.048000000000000000e+03 4.700000000000000000e+01
2.039172363281250000e+02 4.060000000000000000e+03 4.700000000000000000e+01
2.042028808593750000e+02 4.064000000000000000e+03 4.700000000000000000e+01
2.044995117187500000e+02 4.068000000000000000e+03 4.700000000000000000e+01
2.047796630859375000e+02 4.076000000000000000e+03 4.700000000000000000e+01
2.050598144531250000e+02 4.080000000000000000e+03 4.700000000000000000e+01
2.053564453125000000e+02 4.084000000000000000e+03 4.700000000000000000e+01
2.056365966796875000e+02 4.092000000000000000e+03 4.700000000000000000e+01
2.059167480468750000e+02 4.096000000000000000e+03 4.700000000000000000e+01
2.062023925781250000e+02 4.096000000000000000e+03 4.700000000000000000e+01
2.064990234375000000e+02 4.096000000000000000e+03 4.700000000000000000e+01
2.067791748046875000e+02 4.096000000000000000e+03 4.700000000000000000e+01
2.069989013671875000e+02 4.104000000000000000e+03 4.700000000000000000e+01
2.072955322265625000e+02 4.112000000000000000e+03 4.700000000000000000e+01
2.075756835937500000e+02 4.120000000000000000e+03 4.700000000000000000e+01
2.078558349609375000e+02 4.128000000000000000e+03 4.700000000000000000e+01
2.081359863281250000e+02 4.128000000000000000e+03 4.700000000000000000e+01
2.084326171875000000e+02 4.136000000000000000e+03 4.700000000000000000e+01
2.087182617187500000e+02 4.144000000000000000e+03 4.700000000000000000e+01
2.089984130859375000e+02 4.144000000000000000e+03 4.700000000000000000e+01
2.092785644531250000e+02 4.144000000000000000e+03 4.700000000000000000e+01
2.095751953125000000e+02 4.152000000000000000e+03 4.700000000000000000e+01
2.098553466796875000e+02 4.152000000000000000e+03 4.700000000000000000e+01
2.101354980468750000e+02 4.168000000000000000e+03 4.700000000000000000e+01
2.104211425781250000e+02 4.176000000000000000e+03 4.700000000000000000e+01
2.107177734375000000e+02 4.168000000000000000e+03 4.700000000000000000e+01
2.109979248046875000e+02 4.176000000000000000e+03 4.700000000000000000e+01
2.112780761718750000e+02 4.184000000000000000e+03 4.700000000000000000e+01
2.115582275390625000e+02 4.184000000000000000e+03 4.700000000000000000e+01
2.118548583984375000e+02 4.184000000000000000e+03 4.700000000000000000e+01
2.121405029296875000e+02 4.176000000000000000e+03 4.700000000000000000e+01
2.124206542968750000e+02 4.160000000000000000e+03 4.700000000000000000e+01
2.127008056640625000e+02 4.152000000000000000e+03 4.700000000000000000e+01
2.129974365234375000e+02 4.144000000000000000e+03 4.700000000000000000e+01
2.132775878906250000e+02 4.136000000000000000e+03 4.700000000000000000e+01
2.135577392578125000e+02 4.120000000000000000e+03 4.700000000000000000e+01
2.138433837890625000e+02 4.108000000000000000e+03 4.700000000000000000e+01
2.141839599609375000e+02 4.092000000000000000e+03 4.700000000000000000e+01
2.144805908203125000e+02 4.084000000000000000e+03 4.700000000000000000e+01
2.147607421875000000e+02 4.072000000000000000e+03 4.700000000000000000e+01
2.150463867187500000e+02 4.064000000000000000e+03 4.700000000000000000e+01
2.153265380859375000e+02 4.060000000000000000e+03 4.700000000000000000e+01
2.156231689453125000e+02 4.040000000000000000e+03 4.700000000000000000e+01
2.159033203125000000e+02 4.032000000000000000e+03 4.700000000000000000e+01
2.161834716796875000e+02 4.040000000000000000e+03 4.700000000000000000e+01
2.164636230468750000e+02 4.028000000000000000e+03 4.700000000000000000e+01
2.167602539062500000e+02 4.012000000000000000e+03 4.700000000000000000e+01
2.170458984375000000e+02 4.004000000000000000e+03 4.700000000000000000e+01
2.173260498046875000e+02 3.980000000000000000e+03 4.700000000000000000e+01
2.176062011718750000e+02 3.968000000000000000e+03 4.700000000000000000e+01
2.179028320312500000e+02 3.960000000000000000e+03 4.700000000000000000e+01
2.181829833984375000e+02 3.956000000000000000e+03 4.700000000000000000e+01
2.184686279296875000e+02 3.944000000000000000e+03 4.700000000000000000e+01
2.187487792968750000e+02 3.948000000000000000e+03 4.700000000000000000e+01
2.190454101562500000e+02 3.948000000000000000e+03 4.700000000000000000e+01
2.193255615234375000e+02 3.924000000000000000e+03 4.700000000000000000e+01
2.196057128906250000e+02 3.912000000000000000e+03 4.700000000000000000e+01
2.198858642578125000e+02 3.904000000000000000e+03 4.700000000000000000e+01
2.201824951171875000e+02 3.896000000000000000e+03 4.700000000000000000e+01
2.204681396484375000e+02 3.892000000000000000e+03 4.700000000000000000e+01
2.207482910156250000e+02 3.888000000000000000e+03 4.700000000000000000e+01
2.210284423828125000e+02 3.880000000000000000e+03 4.700000000000000000e+01
2.213250732421875000e+02 3.876000000000000000e+03 4.700000000000000000e+01
2.216052246093750000e+02 3.876000000000000000e+03 4.700000000000000000e+01
2.218853759765625000e+02 3.868000000000000000e+03 4.700000000000000000e+01
2.221710205078125000e+02 3.860000000000000000e+03 4.700000000000000000e+01
2.224676513671875000e+02 3.860000000000000000e+03 4.700000000000000000e+01
2.227478027343750000e+02 3.856000000000000000e+03 4.700000000000000000e+01
2.230279541015625000e+02 3.848000000000000000e+03 4.700000000000000000e+01
2.233081054687500000e+02 3.848000000000000000e+03 4.700000000000000000e+01
2.236047363281250000e+02 3.840000000000000000e+03 4.700000000000000000e+01
2.238903808593750000e+02 3.836000000000000000e+03 4.700000000000000000e+01
2.241705322265625000e+02 3.828000000000000000e+03 4.700000000000000000e+01
2.244506835937500000e+02 3.828000000000000000e+03 4.700000000000000000e+01
2.247473144531250000e+02 3.824000000000000000e+03 4.700000000000000000e+01
2.250274658203125000e+02 3.812000000000000000e+03 4.700000000000000000e+01
2.253076171875000000e+02 3.808000000000000000e+03 4.700000000000000000e+01
2.255932617187500000e+02 3.808000000000000000e+03 4.700000000000000000e+01
2.258898925781250000e+02 3.804000000000000000e+03 4.700000000000000000e+01
2.261700439453125000e+02 3.796000000000000000e+03 4.700000000000000000e+01
2.264501953125000000e+02 3.788000000000000000e+03 4.700000000000000000e+01
2.267303466796875000e+02 3.784000000000000000e+03 4.700000000000000000e+01
2.270269775390625000e+02 3.784000000000000000e+03 4.700000000000000000e+01
2.273071289062500000e+02 3.792000000000000000e+03 4.700000000000000000e+01
2.275927734375000000e+02 3.784000000000000000e+03 4.700000000000000000e+01
2.278729248046875000e+02 3.772000000000000000e+03 4.700000000000000000e+01
2.281695556640625000e+02 3.768000000000000000e+03 4.700000000000000000e+01
2.284497070312500000e+02 3.768000000000000000e+03 4.700000000000000000e+01
2.287298583984375000e+02 3.760000000000000000e+03 4.700000000000000000e+01
2.290155029296875000e+02 3.748000000000000000e+03 4.700000000000000000e+01
2.293121337890625000e+02 3.752000000000000000e+03 4.700000000000000000e+01
2.295922851562500000e+02 3.752000000000000000e+03 4.700000000000000000e+01
2.298724365234375000e+02 3.744000000000000000e+03 4.700000000000000000e+01
2.301525878906250000e+02 3.740000000000000000e+03 4.700000000000000000e+01
2.304492187500000000e+02 3.736000000000000000e+03 4.700000000000000000e+01
2.307293701171875000e+02 3.732000000000000000e+03 4.700000000000000000e+01
2.310150146484375000e+02 3.720000000000000000e+03 4.700000000000000000e+01
2.312951660156250000e+02 3.716000000000000000e+03 4.700000000000000000e+01
2.315917968750000000e+02 3.712000000000000000e+03 4.700000000000000000e+01
2.318719482421875000e+02 3.716000000000000000e+03 4.700000000000000000e+01
2.321520996093750000e+02 3.724000000000000000e+03 4.700000000000000000e+01
2.324322509765625000e+02 3.724000000000000000e+03 4.700000000000000000e+01
2.327178955078125000e+02 3.720000000000000000e+03 4.700000000000000000e+01
2.330145263671875000e+02 3.712000000000000000e+03 4.700000000000000000e+01
2.332946777343750000e+02 3.708000000000000000e+03 4.700000000000000000e+01
2.335748291015625000e+02 3.708000000000000000e+03 4.700000000000000000e+01
2.338549804687500000e+02 3.708000000000000000e+03 4.700000000000000000e+01
2.341516113281250000e+02 3.700000000000000000e+03 4.700000000000000000e+01
2.344372558593750000e+02 3.696000000000000000e+03 4.700000000000000000e+01
2.347174072265625000e+02 3.700000000000000000e+03 4.700000000000000000e+01
2.349975585937500000e+02 3.700000000000000000e+03 4.700000000000000000e+01
2.352941894531250000e+02 3.692000000000000000e+03 4.700000000000000000e+01
2.355743408203125000e+02 3.676000000000000000e+03 4.700000000000000000e+01
2.358544921875000000e+02 3.648000000000000000e+03 4.700000000000000000e+01
2.361401367187500000e+02 3.628000000000000000e+03 4.700000000000000000e+01
2.364367675781250000e+02 3.616000000000000000e+03 4.700000000000000000e+01
2.367169189453125000e+02 3.604000000000000000e+03 4.700000000000000000e+01
2.369970703125000000e+02 3.588000000000000000e+03 4.700000000000000000e+01
2.372772216796875000e+02 3.572000000000000000e+03 4.700000000000000000e+01
2.375738525390625000e+02 3.552000000000000000e+03 4.700000000000000000e+01
2.378540039062500000e+02 3.532000000000000000e+03 4.700000000000000000e+01
2.382000732421875000e+02 3.512000000000000000e+03 4.700000000000000000e+01
2.384802246093750000e+02 3.496000000000000000e+03 4.700000000000000000e+01
2.387603759765625000e+02 3.480000000000000000e+03 4.700000000000000000e+01
2.390460205078125000e+02 3.464000000000000000e+03 4.700000000000000000e+01
2.393426513671875000e+02 3.452000000000000000e+03 4.700000000000000000e+01
2.396228027343750000e+02 3.436000000000000000e+03 4.700000000000000000e+01
2.399029541015625000e+02 3.424000000000000000e+03 4.700000000000000000e+01
2.401831054687500000e+02 3.412000000000000000e+03 4.700000000000000000e+01
2.404797363281250000e+02 3.400000000000000000e+03 4.700000000000000000e+01
2.407653808593750000e+02 3.384000000000000000e+03 4.700000000000000000e+01
2.410455322265625000e+02 3.364000000000000000e+03 4.700000000000000000e+01
2.413256835937500000e+02 3.348000000000000000e+03 4.700000000000000000e+01
2.416058349609375000e+02 3.328000000000000000e+03 4.700000000000000000e+01
2.419024658203125000e+02 3.312000000000000000e+03 4.700000000000000000e+01
2.421826171875000000e+02 3.304000000000000000e+03 4.700000000000000000e+01
2.424682617187500000e+02 3.288000000000000000e+03 4.700000000000000000e+01
2.427484130859375000e+02 3.268000000000000000e+03 4.700000000000000000e+01
2.430450439453125000e+02 3.260000000000000000e+03 4.700000000000000000e+01
2.433251953125000000e+02 3.252000000000000000e+03 4.700000000000000000e+01
2.436053466796875000e+02 3.248000000000000000e+03 4.700000000000000000e+01
2.438854980468750000e+02 3.244000000000000000e+03 4.700000000000000000e+01
2.441821289062500000e+02 3.228000000000000000e+03 4.700000000000000000e+01
2.444677734375000000e+02 3.208000000000000000e+03 4.700000000000000000e+01
2.447479248046875000e+02 3.188000000000000000e+03 4.700000000000000000e+01
2.450280761718750000e+02 3.172000000000000000e+03 4.700000000000000000e+01
2.453247070312500000e+02 3.160000000000000000e+03 4.700000000000000000e+01
2.456048583984375000e+02 3.152000000000000000e+03 4.700000000000000000e+01
2.458905029296875000e+02 3.140000000000000000e+03 4.700000000000000000e+01
2.461706542968750000e+02 3.128000000000000000e+03 4.700000000000000000e+01
2.464672851562500000e+02 3.116000000000000000e+03 4.700000000000000000e+01
2.467474365234375000e+02 3.104000000000000000e+03 4.700000000000000000e+01
2.470275878906250000e+02 3.088000000000000000e+03 4.700000000000000000e+01
2.473077392578125000e+02 3.080000000000000000e+03 4.700000000000000000e+01
2.476538085937500000e+02 3.064000000000000000e+03 4.700000000000000000e+01
2.479339599609375000e+02 3.052000000000000000e+03 4.700000000000000000e+01
2.482305908203125000e+02 3.048000000000000000e+03 4.700000000000000000e+01
2.485107421875000000e+02 3.040000000000000000e+03 4.700000000000000000e+01
2.487963867187500000e+02 3.032000000000000000e+03 4.700000000000000000e+01
2.490765380859375000e+02 3.016000000000000000e+03 4.700000000000000000e+01
2.493731689453125000e+02 3.004000000000000000e+03 4.700000000000000000e+01
2.496533203125000000e+02 2.996000000000000000e+03 4.700000000000000000e+01
2.499334716796875000e+02 2.988000000000000000e+03 4.700000000000000000e+01
2.502136230468750000e+02 2.980000000000000000e+03 4.700000000000000000e+01
2.504992675781250000e+02 2.968000000000000000e+03 4.700000000000000000e+01
2.507958984375000000e+02 2.960000000000000000e+03 4.700000000000000000e+01
2.510760498046875000e+02 2.960000000000000000e+03 4.700000000000000000e+01
2.513562011718750000e+02 2.944000000000000000e+03 4.700000000000000000e+01
2.516363525390625000e+02 2.928000000000000000e+03 4.700000000000000000e+01
2.519329833984375000e+02 2.920000000000000000e+03 4.700000000000000000e+01
2.522186279296875000e+02 2.912000000000000000e+03 4.700000000000000000e+01
2.524987792968750000e+02 2.904000000000000000e+03 4.700000000000000000e+01
2.527789306640625000e+02 2.900000000000000000e+03 4.700000000000000000e+01
2.530755615234375000e+02 2.892000000000000000e+03 4.700000000000000000e+01
2.533557128906250000e+02 2.888000000000000000e+03 4.700000000000000000e+01
2.536358642578125000e+02 2.872000000000000000e+03 4.700000000000000000e+01
2.539215087890625000e+02 2.868000000000000000e+03 4.700000000000000000e+01
2.542181396484375000e+02 2.856000000000000000e+03 4.700000000000000000e+01
2.544982910156250000e+02 2.848000000000000000e+03 4.700000000000000000e+01
2.547784423828125000e+02 2.844000000000000000e+03 4.700000000000000000e+01
2.550585937500000000e+02 2.836000000000000000e+03 4.700000000000000000e+01
2.553552246093750000e+02 2.832000000000000000e+03 4.700000000000000000e+01
2.556353759765625000e+02 2.816000000000000000e+03 4.700000000000000000e+01
2.559210205078125000e+02 2.804000000000000000e+03 4.700000000000000000e+01
2.562011718750000000e+02 2.804000000000000000e+03 4.700000000000000000e+01
2.564978027343750000e+02 2.788000000000000000e+03 4.700000000000000000e+01
2.567779541015625000e+02 2.772000000000000000e+03 4.700000000000000000e+01
2.570581054687500000e+02 2.764000000000000000e+03 4.700000000000000000e+01
2.573437500000000000e+02 2.756000000000000000e+03 4.700000000000000000e+01
2.576239013671875000e+02 2.752000000000000000e+03 4.700000000000000000e+01
2.579205322265625000e+02 2.748000000000000000e+03 4.700000000000000000e+01
2.582006835937500000e+02 2.744000000000000000e+03 4.700000000000000000e+01
2.584808349609375000e+02 2.740000000000000000e+03 4.700000000000000000e+01
2.587609863281250000e+02 2.736000000000000000e+03 4.700000000000000000e+01
2.591070556640625000e+02 2.732000000000000000e+03 4.700000000000000000e+01
2.593872070312500000e+02 2.728000000000000000e+03 4.700000000000000000e+01
2.596838378906250000e+02 2.716000000000000000e+03 4.700000000000000000e+01
2.599639892578125000e+02 2.704000000000000000e+03 4.700000000000000000e+01
2.602496337890625000e+02 2.700000000000000000e+03 4.700000000000000000e+01
2.605297851562500000e+02 2.696000000000000000e+03 4.700000000000000000e+01
2.608099365234375000e+02 2.684000000000000000e+03 4.700000000000000000e+01
2.611065673828125000e+02 2.684000000000000000e+03 4.700000000000000000e+01
2.613867187500000000e+02 2.676000000000000000e+03 4.700000000000000000e+01
2.616668701171875000e+02 2.672000000000000000e+03 4.700000000000000000e+01
2.619525146484375000e+02 2.668000000000000000e+03 4.700000000000000000e+01
2.622326660156250000e+02 2.656000000000000000e+03 4.700000000000000000e+01
2.625128173828125000e+02 2.652000000000000000e+03 4.700000000000000000e+01
2.628094482421875000e+02 2.644000000000000000e+03 4.700000000000000000e+01
2.630895996093750000e+02 2.640000000000000000e+03 4.700000000000000000e+01
2.633697509765625000e+02 2.640000000000000000e+03 4.700000000000000000e+01
2.636553955078125000e+02 2.636000000000000000e+03 4.700000000000000000e+01
2.639355468750000000e+02 2.628000000000000000e+03 4.700000000000000000e+01
2.642156982421875000e+02 2.616000000000000000e+03 4.700000000000000000e+01
2.645123291015625000e+02 2.616000000000000000e+03 4.700000000000000000e+01
2.647924804687500000e+02 2.620000000000000000e+03 4.700000000000000000e+01
2.650781250000000000e+02 2.616000000000000000e+03 4.700000000000000000e+01
2.653582763671875000e+02 2.612000000000000000e+03 4.700000000000000000e+01
2.656384277343750000e+02 2.604000000000000000e+03 4.700000000000000000e+01
2.659185791015625000e+02 2.600000000000000000e+03 4.700000000000000000e+01
2.662152099609375000e+02 2.596000000000000000e+03 4.700000000000000000e+01
2.664953613281250000e+02 2.592000000000000000e+03 4.700000000000000000e+01
2.667810058593750000e+02 2.588000000000000000e+03 4.700000000000000000e+01
2.670611572265625000e+02 2.588000000000000000e+03 4.700000000000000000e+01
2.673413085937500000e+02 2.584000000000000000e+03 4.700000000000000000e+01
2.676214599609375000e+02 2.580000000000000000e+03 4.700000000000000000e+01
2.679180908203125000e+02 2.572000000000000000e+03 4.700000000000000000e+01
2.681982421875000000e+02 2.568000000000000000e+03 4.700000000000000000e+01
2.684838867187500000e+02 2.568000000000000000e+03 4.700000000000000000e+01
2.687640380859375000e+02 2.564000000000000000e+03 4.700000000000000000e+01
2.690441894531250000e+02 2.564000000000000000e+03 4.700000000000000000e+01
2.693243408203125000e+02 2.560000000000000000e+03 4.700000000000000000e+01
2.696209716796875000e+02 2.552000000000000000e+03 4.700000000000000000e+01
2.699011230468750000e+02 2.548000000000000000e+03 4.700000000000000000e+01
2.701867675781250000e+02 2.548000000000000000e+03 4.700000000000000000e+01
2.704669189453125000e+02 2.540000000000000000e+03 4.700000000000000000e+01
2.707470703125000000e+02 2.536000000000000000e+03 4.700000000000000000e+01
2.710272216796875000e+02 2.540000000000000000e+03 4.700000000000000000e+01
2.713238525390625000e+02 2.544000000000000000e+03 4.700000000000000000e+01
2.716040039062500000e+02 2.544000000000000000e+03 4.700000000000000000e+01
2.718896484375000000e+02 2.540000000000000000e+03 4.700000000000000000e+01
2.721697998046875000e+02 2.536000000000000000e+03 4.700000000000000000e+01
2.724499511718750000e+02 2.528000000000000000e+03 4.700000000000000000e+01
2.727301025390625000e+02 2.524000000000000000e+03 4.700000000000000000e+01
2.730267333984375000e+02 2.536000000000000000e+03 4.700000000000000000e+01
2.733123779296875000e+02 2.544000000000000000e+03 4.700000000000000000e+01
2.839801025390625000e+02 1.892000000000000000e+03 4.700000000000000000e+01
2.843096923828125000e+02 1.882000000000000000e+03 4.700000000000000000e+01
2.846063232421875000e+02 1.868000000000000000e+03 4.700000000000000000e+01
2.848864746093750000e+02 1.856000000000000000e+03 4.700000000000000000e+01
2.851666259765625000e+02 1.858000000000000000e+03 4.700000000000000000e+01
2.854522705078125000e+02 1.862000000000000000e+03 4.700000000000000000e+01
2.862322998046875000e+02 1.150000000000000000e+02 4.700000000000000000e+01
2.865124511718750000e+02 1.150000000000000000e+02 4.700000000000000000e+01
2.867926025390625000e+02 1.150000000000000000e+02 4.700000000000000000e+01
2.869683837890625000e+02 1.160000000000000000e+02 4.700000000000000000e+01
2.872485351562500000e+02 1.160000000000000000e+02 4.700000000000000000e+01
2.875286865234375000e+02 1.160000000000000000e+02 4.700000000000000000e+01
2.878088378906250000e+02 1.160000000000000000e+02 4.700000000000000000e+01
2.880889892578125000e+02 1.160000000000000000e+02 4.700000000000000000e+01
2.883856201171875000e+02 1.160000000000000000e+02 4.700000000000000000e+01
2.886712646484375000e+02 1.160000000000000000e+02 4.700000000000000000e+01
2.889514160156250000e+02 1.160000000000000000e+02 4.700000000000000000e+01
2.891711425781250000e+02 1.170000000000000000e+02 4.700000000000000000e+01
2.895117187500000000e+02 1.160000000000000000e+02 4.700000000000000000e+01
2.897918701171875000e+02 1.160000000000000000e+02 4.700000000000000000e+01
2.905883789062500000e+02 1.170000000000000000e+02 4.700000000000000000e+01
3.022943115234375000e+02 1.160000000000000000e+02 4.700000000000000000e+01
3.027008056640625000e+02 1.150000000000000000e+02 4.700000000000000000e+01
3.028710937500000000e+02 1.160000000000000000e+02 4.700000000000000000e+01
3.031512451171875000e+02 1.160000000000000000e+02 4.700000000000000000e+01
3.034368896484375000e+02 1.160000000000000000e+02 4.700000000000000000e+01
3.037170410156250000e+02 1.160000000000000000e+02 4.700000000000000000e+01
3.039971923828125000e+02 1.160000000000000000e+02 4.700000000000000000e+01
3.042938232421875000e+02 1.160000000000000000e+02 4.700000000000000000e+01
3.056561279296875000e+02 1.170000000000000000e+02 4.700000000000000000e+01
3.057000732421875000e+02 1.190000000000000000e+02 4.700000000000000000e+01
3.059967041015625000e+02 1.190000000000000000e+02 4.700000000000000000e+01
3.062768554687500000e+02 1.190000000000000000e+02 4.700000000000000000e+01
3.065625000000000000e+02 1.190000000000000000e+02 4.700000000000000000e+01
3.068426513671875000e+02 1.190000000000000000e+02 4.700000000000000000e+01
3.071228027343750000e+02 1.190000000000000000e+02 4.700000000000000000e+01
3.072930908203125000e+02 1.200000000000000000e+02 4.700000000000000000e+01
3.403564453125000000e+02 1.140000000000000000e+02 4.700000000000000000e+01
3.405267333984375000e+02 1.150000000000000000e+02 4.700000000000000000e+01
3.408123779296875000e+02 1.150000000000000000e+02 4.700000000000000000e+01
3.409826660156250000e+02 1.160000000000000000e+02 4.700000000000000000e+01
3.412628173828125000e+02 1.160000000000000000e+02 4.700000000000000000e+01
3.414990234375000000e+02 1.170000000000000000e+02 4.700000000000000000e+01
3.416693115234375000e+02 1.180000000000000000e+02 4.700000000000000000e+01
3.424053955078125000e+02 1.190000000000000000e+02 4.700000000000000000e+01
3.430920410156250000e+02 1.210000000000000000e+02 4.700000000000000000e+01
